8.000000e+01 0.000000e+00 
7.986000e+01 0.000000e+00 
7.972000e+01 0.000000e+00 
7.958000e+01 0.000000e+00 
7.944000e+01 0.000000e+00 
7.930000e+01 0.000000e+00 
7.916000e+01 0.000000e+00 
7.902000e+01 0.000000e+00 
7.888000e+01 0.000000e+00 
7.874000e+01 0.000000e+00 
7.860000e+01 0.000000e+00 
7.846000e+01 0.000000e+00 
7.832000e+01 0.000000e+00 
7.818000e+01 0.000000e+00 
7.804000e+01 0.000000e+00 
7.790000e+01 0.000000e+00 
7.776000e+01 0.000000e+00 
7.762000e+01 0.000000e+00 
7.747000e+01 0.000000e+00 
7.733000e+01 0.000000e+00 
7.719000e+01 0.000000e+00 
7.705000e+01 0.000000e+00 
7.691000e+01 0.000000e+00 
7.677000e+01 0.000000e+00 
7.663000e+01 0.000000e+00 
7.649000e+01 0.000000e+00 
7.635000e+01 0.000000e+00 
7.621000e+01 0.000000e+00 
7.607000e+01 0.000000e+00 
7.593000e+01 0.000000e+00 
7.579000e+01 0.000000e+00 
7.565000e+01 0.000000e+00 
7.551000e+01 0.000000e+00 
7.537000e+01 0.000000e+00 
7.523000e+01 0.000000e+00 
7.509000e+01 0.000000e+00 
7.495000e+01 0.000000e+00 
7.481000e+01 0.000000e+00 
7.467000e+01 0.000000e+00 
7.453000e+01 0.000000e+00 
7.439000e+01 0.000000e+00 
7.425000e+01 0.000000e+00 
7.411000e+01 0.000000e+00 
7.397000e+01 0.000000e+00 
7.383000e+01 0.000000e+00 
7.369000e+01 0.000000e+00 
7.355000e+01 0.000000e+00 
7.341000e+01 0.000000e+00 
7.327000e+01 0.000000e+00 
7.313000e+01 0.000000e+00 
7.299000e+01 0.000000e+00 
7.285000e+01 0.000000e+00 
7.271000e+01 0.000000e+00 
7.257000e+01 0.000000e+00 
7.242000e+01 0.000000e+00 
7.228000e+01 0.000000e+00 
7.214000e+01 0.000000e+00 
7.200000e+01 0.000000e+00 
7.186000e+01 0.000000e+00 
7.172000e+01 0.000000e+00 
7.158000e+01 0.000000e+00 
7.144000e+01 0.000000e+00 
7.130000e+01 0.000000e+00 
7.116000e+01 0.000000e+00 
7.102000e+01 0.000000e+00 
7.088000e+01 0.000000e+00 
7.074000e+01 0.000000e+00 
7.060000e+01 0.000000e+00 
7.046000e+01 0.000000e+00 
7.032000e+01 0.000000e+00 
7.018000e+01 0.000000e+00 
7.004000e+01 0.000000e+00 
6.990000e+01 0.000000e+00 
6.976000e+01 0.000000e+00 
6.962000e+01 0.000000e+00 
6.948000e+01 0.000000e+00 
6.934000e+01 0.000000e+00 
6.920000e+01 0.000000e+00 
6.906000e+01 0.000000e+00 
6.892000e+01 0.000000e+00 
6.878000e+01 0.000000e+00 
6.864000e+01 0.000000e+00 
6.850000e+01 0.000000e+00 
6.836000e+01 0.000000e+00 
6.822000e+01 0.000000e+00 
6.808000e+01 0.000000e+00 
6.794000e+01 0.000000e+00 
6.780000e+01 0.000000e+00 
6.766000e+01 0.000000e+00 
6.752000e+01 0.000000e+00 
6.737000e+01 0.000000e+00 
6.723000e+01 0.000000e+00 
6.709000e+01 0.000000e+00 
6.695000e+01 0.000000e+00 
6.681000e+01 0.000000e+00 
6.667000e+01 0.000000e+00 
6.653000e+01 0.000000e+00 
6.639000e+01 0.000000e+00 
6.625000e+01 0.000000e+00 
6.611000e+01 0.000000e+00 
6.597000e+01 0.000000e+00 
6.583000e+01 0.000000e+00 
6.569000e+01 0.000000e+00 
6.555000e+01 0.000000e+00 
6.541000e+01 0.000000e+00 
6.527000e+01 0.000000e+00 
6.513000e+01 0.000000e+00 
6.499000e+01 0.000000e+00 
6.485000e+01 0.000000e+00 
6.471000e+01 0.000000e+00 
6.457000e+01 0.000000e+00 
6.443000e+01 0.000000e+00 
6.429000e+01 0.000000e+00 
6.415000e+01 0.000000e+00 
6.401000e+01 0.000000e+00 
6.387000e+01 0.000000e+00 
6.373000e+01 0.000000e+00 
6.359000e+01 0.000000e+00 
6.345000e+01 0.000000e+00 
6.331000e+01 0.000000e+00 
6.317000e+01 0.000000e+00 
6.303000e+01 0.000000e+00 
6.289000e+01 0.000000e+00 
6.275000e+01 0.000000e+00 
6.261000e+01 0.000000e+00 
6.246000e+01 0.000000e+00 
6.232000e+01 0.000000e+00 
6.218000e+01 0.000000e+00 
6.204000e+01 0.000000e+00 
6.190000e+01 0.000000e+00 
6.176000e+01 0.000000e+00 
6.162000e+01 0.000000e+00 
6.148000e+01 0.000000e+00 
6.134000e+01 0.000000e+00 
6.120000e+01 0.000000e+00 
6.106000e+01 0.000000e+00 
6.092000e+01 0.000000e+00 
6.078000e+01 0.000000e+00 
6.064000e+01 0.000000e+00 
6.050000e+01 0.000000e+00 
6.036000e+01 0.000000e+00 
6.022000e+01 0.000000e+00 
6.008000e+01 0.000000e+00 
5.994000e+01 0.000000e+00 
5.980000e+01 0.000000e+00 
5.966000e+01 0.000000e+00 
5.952000e+01 0.000000e+00 
5.938000e+01 0.000000e+00 
5.924000e+01 0.000000e+00 
5.910000e+01 0.000000e+00 
5.896000e+01 0.000000e+00 
5.882000e+01 0.000000e+00 
5.868000e+01 0.000000e+00 
5.854000e+01 0.000000e+00 
5.840000e+01 0.000000e+00 
5.826000e+01 0.000000e+00 
5.812000e+01 0.000000e+00 
5.798000e+01 0.000000e+00 
5.784000e+01 0.000000e+00 
5.770000e+01 0.000000e+00 
5.756000e+01 0.000000e+00 
5.741000e+01 0.000000e+00 
5.727000e+01 0.000000e+00 
5.713000e+01 0.000000e+00 
5.699000e+01 0.000000e+00 
5.685000e+01 0.000000e+00 
5.671000e+01 0.000000e+00 
5.657000e+01 0.000000e+00 
5.643000e+01 0.000000e+00 
5.629000e+01 0.000000e+00 
5.615000e+01 0.000000e+00 
5.601000e+01 0.000000e+00 
5.587000e+01 0.000000e+00 
5.573000e+01 0.000000e+00 
5.559000e+01 0.000000e+00 
5.545000e+01 0.000000e+00 
5.531000e+01 0.000000e+00 
5.517000e+01 0.000000e+00 
5.503000e+01 0.000000e+00 
5.489000e+01 0.000000e+00 
5.475000e+01 0.000000e+00 
5.461000e+01 0.000000e+00 
5.447000e+01 0.000000e+00 
5.433000e+01 0.000000e+00 
5.419000e+01 0.000000e+00 
5.405000e+01 0.000000e+00 
5.391000e+01 0.000000e+00 
5.377000e+01 0.000000e+00 
5.363000e+01 0.000000e+00 
5.349000e+01 0.000000e+00 
5.335000e+01 0.000000e+00 
5.321000e+01 0.000000e+00 
5.307000e+01 0.000000e+00 
5.293000e+01 0.000000e+00 
5.279000e+01 0.000000e+00 
5.265000e+01 0.000000e+00 
5.251000e+01 0.000000e+00 
5.236000e+01 0.000000e+00 
5.222000e+01 0.000000e+00 
5.208000e+01 0.000000e+00 
5.194000e+01 0.000000e+00 
5.180000e+01 0.000000e+00 
5.166000e+01 0.000000e+00 
5.152000e+01 0.000000e+00 
5.138000e+01 0.000000e+00 
5.124000e+01 0.000000e+00 
5.110000e+01 0.000000e+00 
5.096000e+01 0.000000e+00 
5.082000e+01 0.000000e+00 
5.068000e+01 0.000000e+00 
5.054000e+01 0.000000e+00 
5.040000e+01 0.000000e+00 
5.026000e+01 0.000000e+00 
5.012000e+01 0.000000e+00 
4.998000e+01 0.000000e+00 
4.984000e+01 0.000000e+00 
4.970000e+01 0.000000e+00 
4.956000e+01 0.000000e+00 
4.942000e+01 0.000000e+00 
4.928000e+01 0.000000e+00 
4.914000e+01 0.000000e+00 
4.900000e+01 0.000000e+00 
4.886000e+01 0.000000e+00 
4.872000e+01 0.000000e+00 
4.858000e+01 0.000000e+00 
4.844000e+01 0.000000e+00 
4.830000e+01 0.000000e+00 
4.816000e+01 0.000000e+00 
4.802000e+01 0.000000e+00 
4.788000e+01 0.000000e+00 
4.774000e+01 0.000000e+00 
4.760000e+01 0.000000e+00 
4.745000e+01 0.000000e+00 
4.731000e+01 0.000000e+00 
4.717000e+01 0.000000e+00 
4.703000e+01 0.000000e+00 
4.689000e+01 0.000000e+00 
4.675000e+01 0.000000e+00 
4.661000e+01 0.000000e+00 
4.647000e+01 0.000000e+00 
4.633000e+01 0.000000e+00 
4.619000e+01 0.000000e+00 
4.605000e+01 0.000000e+00 
4.591000e+01 0.000000e+00 
4.577000e+01 0.000000e+00 
4.563000e+01 0.000000e+00 
4.549000e+01 0.000000e+00 
4.535000e+01 0.000000e+00 
4.521000e+01 0.000000e+00 
4.507000e+01 0.000000e+00 
4.493000e+01 0.000000e+00 
4.479000e+01 0.000000e+00 
4.465000e+01 0.000000e+00 
4.451000e+01 0.000000e+00 
4.437000e+01 0.000000e+00 
4.423000e+01 0.000000e+00 
4.409000e+01 0.000000e+00 
4.395000e+01 0.000000e+00 
4.381000e+01 0.000000e+00 
4.367000e+01 0.000000e+00 
4.353000e+01 0.000000e+00 
4.339000e+01 0.000000e+00 
4.325000e+01 0.000000e+00 
4.311000e+01 0.000000e+00 
4.297000e+01 0.000000e+00 
4.283000e+01 0.000000e+00 
4.269000e+01 0.000000e+00 
4.255000e+01 0.000000e+00 
4.240000e+01 0.000000e+00 
4.226000e+01 0.000000e+00 
4.212000e+01 0.000000e+00 
4.198000e+01 0.000000e+00 
4.184000e+01 0.000000e+00 
4.170000e+01 0.000000e+00 
4.156000e+01 0.000000e+00 
4.142000e+01 0.000000e+00 
4.128000e+01 0.000000e+00 
4.114000e+01 0.000000e+00 
4.100000e+01 0.000000e+00 
4.086000e+01 0.000000e+00 
4.072000e+01 0.000000e+00 
4.058000e+01 0.000000e+00 
4.044000e+01 0.000000e+00 
4.030000e+01 0.000000e+00 
4.016000e+01 0.000000e+00 
4.002000e+01 0.000000e+00 
3.988000e+01 0.000000e+00 
3.974000e+01 0.000000e+00 
3.960000e+01 0.000000e+00 
3.946000e+01 0.000000e+00 
3.932000e+01 4.045758e-06 
3.918000e+01 2.137962e-05 
3.904000e+01 5.260175e-05 
3.890000e+01 9.862794e-05 
3.876000e+01 1.599558e-04 
3.862000e+01 2.376840e-04 
3.848000e+01 3.326596e-04 
3.834000e+01 4.395415e-04 
3.820000e+01 5.407544e-04 
3.806000e+01 6.412095e-04 
3.792000e+01 7.362073e-04 
3.778000e+01 8.241379e-04 
3.764000e+01 9.057326e-04 
3.749000e+01 9.772372e-04 
3.735000e+01 1.039920e-03 
3.721000e+01 1.101539e-03 
3.707000e+01 1.156112e-03 
3.693000e+01 1.202264e-03 
3.679000e+01 1.244515e-03 
3.665000e+01 1.282331e-03 
3.651000e+01 1.318256e-03 
3.637000e+01 1.355189e-03 
3.623000e+01 1.386756e-03 
3.609000e+01 1.415794e-03 
3.595000e+01 1.452111e-03 
3.581000e+01 1.485935e-03 
3.567000e+01 1.503142e-03 
3.553000e+01 1.524053e-03 
3.539000e+01 1.538155e-03 
3.525000e+01 1.555965e-03 
3.511000e+01 1.566751e-03 
3.497000e+01 1.581248e-03 
3.483000e+01 1.592208e-03 
3.469000e+01 1.614358e-03 
3.455000e+01 1.633052e-03 
3.441000e+01 1.644372e-03 
3.427000e+01 1.659587e-03 
3.413000e+01 1.678804e-03 
3.399000e+01 1.706083e-03 
3.385000e+01 1.741807e-03 
3.371000e+01 1.786488e-03 
3.357000e+01 1.832314e-03 
3.343000e+01 1.896706e-03 
3.329000e+01 1.963360e-03 
3.315000e+01 2.027682e-03 
3.301000e+01 2.079697e-03 
3.287000e+01 2.133045e-03 
3.273000e+01 2.182730e-03 
3.259000e+01 2.233572e-03 
3.244000e+01 2.280342e-03 
3.230000e+01 2.333458e-03 
3.216000e+01 2.382320e-03 
3.202000e+01 2.443431e-03 
3.188000e+01 2.506109e-03 
3.174000e+01 2.546830e-03 
3.160000e+01 2.582260e-03 
3.146000e+01 2.624218e-03 
3.132000e+01 2.660725e-03 
3.118000e+01 2.697739e-03 
3.104000e+01 2.735269e-03 
3.090000e+01 2.773321e-03 
3.076000e+01 2.824880e-03 
3.062000e+01 2.870780e-03 
3.048000e+01 2.904023e-03 
3.034000e+01 2.937649e-03 
3.020000e+01 2.964831e-03 
3.006000e+01 3.006076e-03 
2.992000e+01 3.040885e-03 
2.978000e+01 3.083189e-03 
2.964000e+01 3.126079e-03 
2.950000e+01 3.191537e-03 
2.936000e+01 3.250874e-03 
2.922000e+01 3.296096e-03 
2.908000e+01 3.334264e-03 
2.894000e+01 3.380649e-03 
2.880000e+01 3.419794e-03 
2.866000e+01 3.467368e-03 
2.852000e+01 3.507519e-03 
2.838000e+01 3.556314e-03 
2.824000e+01 3.622430e-03 
2.810000e+01 3.681290e-03 
2.796000e+01 3.749729e-03 
2.782000e+01 3.784426e-03 
2.768000e+01 3.819443e-03 
2.754000e+01 3.854783e-03 
2.739000e+01 3.890451e-03 
2.725000e+01 3.926450e-03 
2.711000e+01 3.971915e-03 
2.697000e+01 4.008666e-03 
2.683000e+01 4.073802e-03 
2.669000e+01 4.139998e-03 
2.655000e+01 4.178304e-03 
2.641000e+01 4.216965e-03 
2.627000e+01 4.265796e-03 
2.613000e+01 4.305267e-03 
2.599000e+01 4.355118e-03 
2.585000e+01 4.405549e-03 
2.571000e+01 4.456562e-03 
2.557000e+01 4.539417e-03 
2.543000e+01 4.623810e-03 
2.529000e+01 4.677352e-03 
2.515000e+01 4.742421e-03 
2.501000e+01 4.797334e-03 
2.487000e+01 4.852886e-03 
2.473000e+01 4.920394e-03 
2.459000e+01 4.988844e-03 
2.445000e+01 5.058247e-03 
2.431000e+01 5.164164e-03 
2.417000e+01 5.272297e-03 
2.403000e+01 5.345643e-03 
2.389000e+01 5.420008e-03 
2.375000e+01 5.495409e-03 
2.361000e+01 5.571858e-03 
2.347000e+01 5.662393e-03 
2.333000e+01 5.754399e-03 
2.319000e+01 5.847900e-03 
2.305000e+01 5.997912e-03 
2.291000e+01 6.137622e-03 
2.277000e+01 6.295062e-03 
2.263000e+01 6.412095e-03 
2.248000e+01 6.531306e-03 
2.234000e+01 6.652731e-03 
2.220000e+01 6.792037e-03 
2.206000e+01 6.934259e-03 
2.192000e+01 7.095779e-03 
2.178000e+01 7.261061e-03 
2.164000e+01 7.481696e-03 
2.150000e+01 7.726806e-03 
2.136000e+01 7.906786e-03 
2.122000e+01 8.109609e-03 
2.108000e+01 8.317639e-03 
2.094000e+01 8.550666e-03 
2.080000e+01 8.790225e-03 
2.066000e+01 9.036497e-03 
2.052000e+01 9.311081e-03 
2.038000e+01 9.660506e-03 
2.024000e+01 1.002305e-02 
2.010000e+01 1.032762e-02 
1.996000e+01 1.064143e-02 
1.982000e+01 1.099006e-02 
1.968000e+01 1.135011e-02 
1.954000e+01 1.174898e-02 
1.940000e+01 1.213389e-02 
1.926000e+01 1.256030e-02 
1.912000e+01 1.309182e-02 
1.898000e+01 1.364583e-02 
1.884000e+01 1.409289e-02 
1.870000e+01 1.458814e-02 
1.856000e+01 1.510080e-02 
1.842000e+01 1.563148e-02 
1.828000e+01 1.618080e-02 
1.814000e+01 1.674943e-02 
1.800000e+01 1.733804e-02 
1.786000e+01 1.807174e-02 
1.772000e+01 1.883649e-02 
1.758000e+01 1.963360e-02 
1.743000e+01 2.023019e-02 
1.729000e+01 2.089296e-02 
1.715000e+01 2.157744e-02 
1.701000e+01 2.228435e-02 
1.687000e+01 2.301442e-02 
1.673000e+01 2.371374e-02 
1.659000e+01 2.449064e-02 
1.645000e+01 2.540973e-02 
1.631000e+01 2.636331e-02 
1.617000e+01 2.710191e-02 
1.603000e+01 2.779713e-02 
1.589000e+01 2.857590e-02 
1.575000e+01 2.930893e-02 
1.561000e+01 3.013006e-02 
1.547000e+01 3.090296e-02 
1.533000e+01 3.169568e-02 
1.519000e+01 3.273407e-02 
1.505000e+01 3.380649e-02 
1.491000e+01 3.451437e-02 
1.477000e+01 3.523709e-02 
1.463000e+01 3.597493e-02 
1.449000e+01 3.664376e-02 
1.435000e+01 3.741105e-02 
1.421000e+01 3.810658e-02 
1.407000e+01 3.881504e-02 
1.393000e+01 3.990249e-02 
1.379000e+01 4.092606e-02 
1.365000e+01 4.149541e-02 
1.351000e+01 4.216965e-02 
1.337000e+01 4.275629e-02 
1.323000e+01 4.335108e-02 
1.309000e+01 4.385307e-02 
1.295000e+01 4.446313e-02 
1.281000e+01 4.497799e-02 
1.267000e+01 4.591980e-02 
1.253000e+01 4.688134e-02 
1.238000e+01 4.786300e-02 
1.224000e+01 4.819478e-02 
1.210000e+01 4.852885e-02 
1.196000e+01 4.875284e-02 
1.182000e+01 4.909079e-02 
1.168000e+01 4.931738e-02 
1.154000e+01 4.954503e-02 
1.140000e+01 4.977371e-02 
1.126000e+01 5.058247e-02 
1.112000e+01 5.140436e-02 
1.098000e+01 5.140436e-02 
1.084000e+01 5.140436e-02 
1.070000e+01 5.140436e-02 
1.056000e+01 5.128614e-02 
1.042000e+01 5.116818e-02 
1.028000e+01 5.105049e-02 
1.014000e+01 5.105049e-02 
1.000000e+01 5.105049e-02 
