#  Problem: Toro Problem #7 (Chapter 10.8)
#
#  Exact solution calculated using NUMERICA's HE-E1RPEXACT code.
#  (Chapter 4.9 of Toro's "Riemann Solvers and Numerical Methods
#  for Fluid Dynamics", 2nd edition).
#
#     Position         Density        Velocity        Pressure     Int. Energy
#
      0.000500        1.400000        0.100000        1.000000        1.785714
      0.001500        1.400000        0.100000        1.000000        1.785714
      0.002500        1.400000        0.100000        1.000000        1.785714
      0.003500        1.400000        0.100000        1.000000        1.785714
      0.004500        1.400000        0.100000        1.000000        1.785714
      0.005500        1.400000        0.100000        1.000000        1.785714
      0.006500        1.400000        0.100000        1.000000        1.785714
      0.007500        1.400000        0.100000        1.000000        1.785714
      0.008500        1.400000        0.100000        1.000000        1.785714
      0.009500        1.400000        0.100000        1.000000        1.785714
      0.010500        1.400000        0.100000        1.000000        1.785714
      0.011500        1.400000        0.100000        1.000000        1.785714
      0.012500        1.400000        0.100000        1.000000        1.785714
      0.013500        1.400000        0.100000        1.000000        1.785714
      0.014500        1.400000        0.100000        1.000000        1.785714
      0.015500        1.400000        0.100000        1.000000        1.785714
      0.016500        1.400000        0.100000        1.000000        1.785714
      0.017500        1.400000        0.100000        1.000000        1.785714
      0.018500        1.400000        0.100000        1.000000        1.785714
      0.019500        1.400000        0.100000        1.000000        1.785714
      0.020500        1.400000        0.100000        1.000000        1.785714
      0.021500        1.400000        0.100000        1.000000        1.785714
      0.022500        1.400000        0.100000        1.000000        1.785714
      0.023500        1.400000        0.100000        1.000000        1.785714
      0.024500        1.400000        0.100000        1.000000        1.785714
      0.025500        1.400000        0.100000        1.000000        1.785714
      0.026500        1.400000        0.100000        1.000000        1.785714
      0.027500        1.400000        0.100000        1.000000        1.785714
      0.028500        1.400000        0.100000        1.000000        1.785714
      0.029500        1.400000        0.100000        1.000000        1.785714
      0.030500        1.400000        0.100000        1.000000        1.785714
      0.031500        1.400000        0.100000        1.000000        1.785714
      0.032500        1.400000        0.100000        1.000000        1.785714
      0.033500        1.400000        0.100000        1.000000        1.785714
      0.034500        1.400000        0.100000        1.000000        1.785714
      0.035500        1.400000        0.100000        1.000000        1.785714
      0.036500        1.400000        0.100000        1.000000        1.785714
      0.037500        1.400000        0.100000        1.000000        1.785714
      0.038500        1.400000        0.100000        1.000000        1.785714
      0.039500        1.400000        0.100000        1.000000        1.785714
      0.040500        1.400000        0.100000        1.000000        1.785714
      0.041500        1.400000        0.100000        1.000000        1.785714
      0.042500        1.400000        0.100000        1.000000        1.785714
      0.043500        1.400000        0.100000        1.000000        1.785714
      0.044500        1.400000        0.100000        1.000000        1.785714
      0.045500        1.400000        0.100000        1.000000        1.785714
      0.046500        1.400000        0.100000        1.000000        1.785714
      0.047500        1.400000        0.100000        1.000000        1.785714
      0.048500        1.400000        0.100000        1.000000        1.785714
      0.049500        1.400000        0.100000        1.000000        1.785714
      0.050500        1.400000        0.100000        1.000000        1.785714
      0.051500        1.400000        0.100000        1.000000        1.785714
      0.052500        1.400000        0.100000        1.000000        1.785714
      0.053500        1.400000        0.100000        1.000000        1.785714
      0.054500        1.400000        0.100000        1.000000        1.785714
      0.055500        1.400000        0.100000        1.000000        1.785714
      0.056500        1.400000        0.100000        1.000000        1.785714
      0.057500        1.400000        0.100000        1.000000        1.785714
      0.058500        1.400000        0.100000        1.000000        1.785714
      0.059500        1.400000        0.100000        1.000000        1.785714
      0.060500        1.400000        0.100000        1.000000        1.785714
      0.061500        1.400000        0.100000        1.000000        1.785714
      0.062500        1.400000        0.100000        1.000000        1.785714
      0.063500        1.400000        0.100000        1.000000        1.785714
      0.064500        1.400000        0.100000        1.000000        1.785714
      0.065500        1.400000        0.100000        1.000000        1.785714
      0.066500        1.400000        0.100000        1.000000        1.785714
      0.067500        1.400000        0.100000        1.000000        1.785714
      0.068500        1.400000        0.100000        1.000000        1.785714
      0.069500        1.400000        0.100000        1.000000        1.785714
      0.070500        1.400000        0.100000        1.000000        1.785714
      0.071500        1.400000        0.100000        1.000000        1.785714
      0.072500        1.400000        0.100000        1.000000        1.785714
      0.073500        1.400000        0.100000        1.000000        1.785714
      0.074500        1.400000        0.100000        1.000000        1.785714
      0.075500        1.400000        0.100000        1.000000        1.785714
      0.076500        1.400000        0.100000        1.000000        1.785714
      0.077500        1.400000        0.100000        1.000000        1.785714
      0.078500        1.400000        0.100000        1.000000        1.785714
      0.079500        1.400000        0.100000        1.000000        1.785714
      0.080500        1.400000        0.100000        1.000000        1.785714
      0.081500        1.400000        0.100000        1.000000        1.785714
      0.082500        1.400000        0.100000        1.000000        1.785714
      0.083500        1.400000        0.100000        1.000000        1.785714
      0.084500        1.400000        0.100000        1.000000        1.785714
      0.085500        1.400000        0.100000        1.000000        1.785714
      0.086500        1.400000        0.100000        1.000000        1.785714
      0.087500        1.400000        0.100000        1.000000        1.785714
      0.088500        1.400000        0.100000        1.000000        1.785714
      0.089500        1.400000        0.100000        1.000000        1.785714
      0.090500        1.400000        0.100000        1.000000        1.785714
      0.091500        1.400000        0.100000        1.000000        1.785714
      0.092500        1.400000        0.100000        1.000000        1.785714
      0.093500        1.400000        0.100000        1.000000        1.785714
      0.094500        1.400000        0.100000        1.000000        1.785714
      0.095500        1.400000        0.100000        1.000000        1.785714
      0.096500        1.400000        0.100000        1.000000        1.785714
      0.097500        1.400000        0.100000        1.000000        1.785714
      0.098500        1.400000        0.100000        1.000000        1.785714
      0.099500        1.400000        0.100000        1.000000        1.785714
      0.100500        1.400000        0.100000        1.000000        1.785714
      0.101500        1.400000        0.100000        1.000000        1.785714
      0.102500        1.400000        0.100000        1.000000        1.785714
      0.103500        1.400000        0.100000        1.000000        1.785714
      0.104500        1.400000        0.100000        1.000000        1.785714
      0.105500        1.400000        0.100000        1.000000        1.785714
      0.106500        1.400000        0.100000        1.000000        1.785714
      0.107500        1.400000        0.100000        1.000000        1.785714
      0.108500        1.400000        0.100000        1.000000        1.785714
      0.109500        1.400000        0.100000        1.000000        1.785714
      0.110500        1.400000        0.100000        1.000000        1.785714
      0.111500        1.400000        0.100000        1.000000        1.785714
      0.112500        1.400000        0.100000        1.000000        1.785714
      0.113500        1.400000        0.100000        1.000000        1.785714
      0.114500        1.400000        0.100000        1.000000        1.785714
      0.115500        1.400000        0.100000        1.000000        1.785714
      0.116500        1.400000        0.100000        1.000000        1.785714
      0.117500        1.400000        0.100000        1.000000        1.785714
      0.118500        1.400000        0.100000        1.000000        1.785714
      0.119500        1.400000        0.100000        1.000000        1.785714
      0.120500        1.400000        0.100000        1.000000        1.785714
      0.121500        1.400000        0.100000        1.000000        1.785714
      0.122500        1.400000        0.100000        1.000000        1.785714
      0.123500        1.400000        0.100000        1.000000        1.785714
      0.124500        1.400000        0.100000        1.000000        1.785714
      0.125500        1.400000        0.100000        1.000000        1.785714
      0.126500        1.400000        0.100000        1.000000        1.785714
      0.127500        1.400000        0.100000        1.000000        1.785714
      0.128500        1.400000        0.100000        1.000000        1.785714
      0.129500        1.400000        0.100000        1.000000        1.785714
      0.130500        1.400000        0.100000        1.000000        1.785714
      0.131500        1.400000        0.100000        1.000000        1.785714
      0.132500        1.400000        0.100000        1.000000        1.785714
      0.133500        1.400000        0.100000        1.000000        1.785714
      0.134500        1.400000        0.100000        1.000000        1.785714
      0.135500        1.400000        0.100000        1.000000        1.785714
      0.136500        1.400000        0.100000        1.000000        1.785714
      0.137500        1.400000        0.100000        1.000000        1.785714
      0.138500        1.400000        0.100000        1.000000        1.785714
      0.139500        1.400000        0.100000        1.000000        1.785714
      0.140500        1.400000        0.100000        1.000000        1.785714
      0.141500        1.400000        0.100000        1.000000        1.785714
      0.142500        1.400000        0.100000        1.000000        1.785714
      0.143500        1.400000        0.100000        1.000000        1.785714
      0.144500        1.400000        0.100000        1.000000        1.785714
      0.145500        1.400000        0.100000        1.000000        1.785714
      0.146500        1.400000        0.100000        1.000000        1.785714
      0.147500        1.400000        0.100000        1.000000        1.785714
      0.148500        1.400000        0.100000        1.000000        1.785714
      0.149500        1.400000        0.100000        1.000000        1.785714
      0.150500        1.400000        0.100000        1.000000        1.785714
      0.151500        1.400000        0.100000        1.000000        1.785714
      0.152500        1.400000        0.100000        1.000000        1.785714
      0.153500        1.400000        0.100000        1.000000        1.785714
      0.154500        1.400000        0.100000        1.000000        1.785714
      0.155500        1.400000        0.100000        1.000000        1.785714
      0.156500        1.400000        0.100000        1.000000        1.785714
      0.157500        1.400000        0.100000        1.000000        1.785714
      0.158500        1.400000        0.100000        1.000000        1.785714
      0.159500        1.400000        0.100000        1.000000        1.785714
      0.160500        1.400000        0.100000        1.000000        1.785714
      0.161500        1.400000        0.100000        1.000000        1.785714
      0.162500        1.400000        0.100000        1.000000        1.785714
      0.163500        1.400000        0.100000        1.000000        1.785714
      0.164500        1.400000        0.100000        1.000000        1.785714
      0.165500        1.400000        0.100000        1.000000        1.785714
      0.166500        1.400000        0.100000        1.000000        1.785714
      0.167500        1.400000        0.100000        1.000000        1.785714
      0.168500        1.400000        0.100000        1.000000        1.785714
      0.169500        1.400000        0.100000        1.000000        1.785714
      0.170500        1.400000        0.100000        1.000000        1.785714
      0.171500        1.400000        0.100000        1.000000        1.785714
      0.172500        1.400000        0.100000        1.000000        1.785714
      0.173500        1.400000        0.100000        1.000000        1.785714
      0.174500        1.400000        0.100000        1.000000        1.785714
      0.175500        1.400000        0.100000        1.000000        1.785714
      0.176500        1.400000        0.100000        1.000000        1.785714
      0.177500        1.400000        0.100000        1.000000        1.785714
      0.178500        1.400000        0.100000        1.000000        1.785714
      0.179500        1.400000        0.100000        1.000000        1.785714
      0.180500        1.400000        0.100000        1.000000        1.785714
      0.181500        1.400000        0.100000        1.000000        1.785714
      0.182500        1.400000        0.100000        1.000000        1.785714
      0.183500        1.400000        0.100000        1.000000        1.785714
      0.184500        1.400000        0.100000        1.000000        1.785714
      0.185500        1.400000        0.100000        1.000000        1.785714
      0.186500        1.400000        0.100000        1.000000        1.785714
      0.187500        1.400000        0.100000        1.000000        1.785714
      0.188500        1.400000        0.100000        1.000000        1.785714
      0.189500        1.400000        0.100000        1.000000        1.785714
      0.190500        1.400000        0.100000        1.000000        1.785714
      0.191500        1.400000        0.100000        1.000000        1.785714
      0.192500        1.400000        0.100000        1.000000        1.785714
      0.193500        1.400000        0.100000        1.000000        1.785714
      0.194500        1.400000        0.100000        1.000000        1.785714
      0.195500        1.400000        0.100000        1.000000        1.785714
      0.196500        1.400000        0.100000        1.000000        1.785714
      0.197500        1.400000        0.100000        1.000000        1.785714
      0.198500        1.400000        0.100000        1.000000        1.785714
      0.199500        1.400000        0.100000        1.000000        1.785714
      0.200500        1.400000        0.100000        1.000000        1.785714
      0.201500        1.400000        0.100000        1.000000        1.785714
      0.202500        1.400000        0.100000        1.000000        1.785714
      0.203500        1.400000        0.100000        1.000000        1.785714
      0.204500        1.400000        0.100000        1.000000        1.785714
      0.205500        1.400000        0.100000        1.000000        1.785714
      0.206500        1.400000        0.100000        1.000000        1.785714
      0.207500        1.400000        0.100000        1.000000        1.785714
      0.208500        1.400000        0.100000        1.000000        1.785714
      0.209500        1.400000        0.100000        1.000000        1.785714
      0.210500        1.400000        0.100000        1.000000        1.785714
      0.211500        1.400000        0.100000        1.000000        1.785714
      0.212500        1.400000        0.100000        1.000000        1.785714
      0.213500        1.400000        0.100000        1.000000        1.785714
      0.214500        1.400000        0.100000        1.000000        1.785714
      0.215500        1.400000        0.100000        1.000000        1.785714
      0.216500        1.400000        0.100000        1.000000        1.785714
      0.217500        1.400000        0.100000        1.000000        1.785714
      0.218500        1.400000        0.100000        1.000000        1.785714
      0.219500        1.400000        0.100000        1.000000        1.785714
      0.220500        1.400000        0.100000        1.000000        1.785714
      0.221500        1.400000        0.100000        1.000000        1.785714
      0.222500        1.400000        0.100000        1.000000        1.785714
      0.223500        1.400000        0.100000        1.000000        1.785714
      0.224500        1.400000        0.100000        1.000000        1.785714
      0.225500        1.400000        0.100000        1.000000        1.785714
      0.226500        1.400000        0.100000        1.000000        1.785714
      0.227500        1.400000        0.100000        1.000000        1.785714
      0.228500        1.400000        0.100000        1.000000        1.785714
      0.229500        1.400000        0.100000        1.000000        1.785714
      0.230500        1.400000        0.100000        1.000000        1.785714
      0.231500        1.400000        0.100000        1.000000        1.785714
      0.232500        1.400000        0.100000        1.000000        1.785714
      0.233500        1.400000        0.100000        1.000000        1.785714
      0.234500        1.400000        0.100000        1.000000        1.785714
      0.235500        1.400000        0.100000        1.000000        1.785714
      0.236500        1.400000        0.100000        1.000000        1.785714
      0.237500        1.400000        0.100000        1.000000        1.785714
      0.238500        1.400000        0.100000        1.000000        1.785714
      0.239500        1.400000        0.100000        1.000000        1.785714
      0.240500        1.400000        0.100000        1.000000        1.785714
      0.241500        1.400000        0.100000        1.000000        1.785714
      0.242500        1.400000        0.100000        1.000000        1.785714
      0.243500        1.400000        0.100000        1.000000        1.785714
      0.244500        1.400000        0.100000        1.000000        1.785714
      0.245500        1.400000        0.100000        1.000000        1.785714
      0.246500        1.400000        0.100000        1.000000        1.785714
      0.247500        1.400000        0.100000        1.000000        1.785714
      0.248500        1.400000        0.100000        1.000000        1.785714
      0.249500        1.400000        0.100000        1.000000        1.785714
      0.250500        1.400000        0.100000        1.000000        1.785714
      0.251500        1.400000        0.100000        1.000000        1.785714
      0.252500        1.400000        0.100000        1.000000        1.785714
      0.253500        1.400000        0.100000        1.000000        1.785714
      0.254500        1.400000        0.100000        1.000000        1.785714
      0.255500        1.400000        0.100000        1.000000        1.785714
      0.256500        1.400000        0.100000        1.000000        1.785714
      0.257500        1.400000        0.100000        1.000000        1.785714
      0.258500        1.400000        0.100000        1.000000        1.785714
      0.259500        1.400000        0.100000        1.000000        1.785714
      0.260500        1.400000        0.100000        1.000000        1.785714
      0.261500        1.400000        0.100000        1.000000        1.785714
      0.262500        1.400000        0.100000        1.000000        1.785714
      0.263500        1.400000        0.100000        1.000000        1.785714
      0.264500        1.400000        0.100000        1.000000        1.785714
      0.265500        1.400000        0.100000        1.000000        1.785714
      0.266500        1.400000        0.100000        1.000000        1.785714
      0.267500        1.400000        0.100000        1.000000        1.785714
      0.268500        1.400000        0.100000        1.000000        1.785714
      0.269500        1.400000        0.100000        1.000000        1.785714
      0.270500        1.400000        0.100000        1.000000        1.785714
      0.271500        1.400000        0.100000        1.000000        1.785714
      0.272500        1.400000        0.100000        1.000000        1.785714
      0.273500        1.400000        0.100000        1.000000        1.785714
      0.274500        1.400000        0.100000        1.000000        1.785714
      0.275500        1.400000        0.100000        1.000000        1.785714
      0.276500        1.400000        0.100000        1.000000        1.785714
      0.277500        1.400000        0.100000        1.000000        1.785714
      0.278500        1.400000        0.100000        1.000000        1.785714
      0.279500        1.400000        0.100000        1.000000        1.785714
      0.280500        1.400000        0.100000        1.000000        1.785714
      0.281500        1.400000        0.100000        1.000000        1.785714
      0.282500        1.400000        0.100000        1.000000        1.785714
      0.283500        1.400000        0.100000        1.000000        1.785714
      0.284500        1.400000        0.100000        1.000000        1.785714
      0.285500        1.400000        0.100000        1.000000        1.785714
      0.286500        1.400000        0.100000        1.000000        1.785714
      0.287500        1.400000        0.100000        1.000000        1.785714
      0.288500        1.400000        0.100000        1.000000        1.785714
      0.289500        1.400000        0.100000        1.000000        1.785714
      0.290500        1.400000        0.100000        1.000000        1.785714
      0.291500        1.400000        0.100000        1.000000        1.785714
      0.292500        1.400000        0.100000        1.000000        1.785714
      0.293500        1.400000        0.100000        1.000000        1.785714
      0.294500        1.400000        0.100000        1.000000        1.785714
      0.295500        1.400000        0.100000        1.000000        1.785714
      0.296500        1.400000        0.100000        1.000000        1.785714
      0.297500        1.400000        0.100000        1.000000        1.785714
      0.298500        1.400000        0.100000        1.000000        1.785714
      0.299500        1.400000        0.100000        1.000000        1.785714
      0.300500        1.400000        0.100000        1.000000        1.785714
      0.301500        1.400000        0.100000        1.000000        1.785714
      0.302500        1.400000        0.100000        1.000000        1.785714
      0.303500        1.400000        0.100000        1.000000        1.785714
      0.304500        1.400000        0.100000        1.000000        1.785714
      0.305500        1.400000        0.100000        1.000000        1.785714
      0.306500        1.400000        0.100000        1.000000        1.785714
      0.307500        1.400000        0.100000        1.000000        1.785714
      0.308500        1.400000        0.100000        1.000000        1.785714
      0.309500        1.400000        0.100000        1.000000        1.785714
      0.310500        1.400000        0.100000        1.000000        1.785714
      0.311500        1.400000        0.100000        1.000000        1.785714
      0.312500        1.400000        0.100000        1.000000        1.785714
      0.313500        1.400000        0.100000        1.000000        1.785714
      0.314500        1.400000        0.100000        1.000000        1.785714
      0.315500        1.400000        0.100000        1.000000        1.785714
      0.316500        1.400000        0.100000        1.000000        1.785714
      0.317500        1.400000        0.100000        1.000000        1.785714
      0.318500        1.400000        0.100000        1.000000        1.785714
      0.319500        1.400000        0.100000        1.000000        1.785714
      0.320500        1.400000        0.100000        1.000000        1.785714
      0.321500        1.400000        0.100000        1.000000        1.785714
      0.322500        1.400000        0.100000        1.000000        1.785714
      0.323500        1.400000        0.100000        1.000000        1.785714
      0.324500        1.400000        0.100000        1.000000        1.785714
      0.325500        1.400000        0.100000        1.000000        1.785714
      0.326500        1.400000        0.100000        1.000000        1.785714
      0.327500        1.400000        0.100000        1.000000        1.785714
      0.328500        1.400000        0.100000        1.000000        1.785714
      0.329500        1.400000        0.100000        1.000000        1.785714
      0.330500        1.400000        0.100000        1.000000        1.785714
      0.331500        1.400000        0.100000        1.000000        1.785714
      0.332500        1.400000        0.100000        1.000000        1.785714
      0.333500        1.400000        0.100000        1.000000        1.785714
      0.334500        1.400000        0.100000        1.000000        1.785714
      0.335500        1.400000        0.100000        1.000000        1.785714
      0.336500        1.400000        0.100000        1.000000        1.785714
      0.337500        1.400000        0.100000        1.000000        1.785714
      0.338500        1.400000        0.100000        1.000000        1.785714
      0.339500        1.400000        0.100000        1.000000        1.785714
      0.340500        1.400000        0.100000        1.000000        1.785714
      0.341500        1.400000        0.100000        1.000000        1.785714
      0.342500        1.400000        0.100000        1.000000        1.785714
      0.343500        1.400000        0.100000        1.000000        1.785714
      0.344500        1.400000        0.100000        1.000000        1.785714
      0.345500        1.400000        0.100000        1.000000        1.785714
      0.346500        1.400000        0.100000        1.000000        1.785714
      0.347500        1.400000        0.100000        1.000000        1.785714
      0.348500        1.400000        0.100000        1.000000        1.785714
      0.349500        1.400000        0.100000        1.000000        1.785714
      0.350500        1.400000        0.100000        1.000000        1.785714
      0.351500        1.400000        0.100000        1.000000        1.785714
      0.352500        1.400000        0.100000        1.000000        1.785714
      0.353500        1.400000        0.100000        1.000000        1.785714
      0.354500        1.400000        0.100000        1.000000        1.785714
      0.355500        1.400000        0.100000        1.000000        1.785714
      0.356500        1.400000        0.100000        1.000000        1.785714
      0.357500        1.400000        0.100000        1.000000        1.785714
      0.358500        1.400000        0.100000        1.000000        1.785714
      0.359500        1.400000        0.100000        1.000000        1.785714
      0.360500        1.400000        0.100000        1.000000        1.785714
      0.361500        1.400000        0.100000        1.000000        1.785714
      0.362500        1.400000        0.100000        1.000000        1.785714
      0.363500        1.400000        0.100000        1.000000        1.785714
      0.364500        1.400000        0.100000        1.000000        1.785714
      0.365500        1.400000        0.100000        1.000000        1.785714
      0.366500        1.400000        0.100000        1.000000        1.785714
      0.367500        1.400000        0.100000        1.000000        1.785714
      0.368500        1.400000        0.100000        1.000000        1.785714
      0.369500        1.400000        0.100000        1.000000        1.785714
      0.370500        1.400000        0.100000        1.000000        1.785714
      0.371500        1.400000        0.100000        1.000000        1.785714
      0.372500        1.400000        0.100000        1.000000        1.785714
      0.373500        1.400000        0.100000        1.000000        1.785714
      0.374500        1.400000        0.100000        1.000000        1.785714
      0.375500        1.400000        0.100000        1.000000        1.785714
      0.376500        1.400000        0.100000        1.000000        1.785714
      0.377500        1.400000        0.100000        1.000000        1.785714
      0.378500        1.400000        0.100000        1.000000        1.785714
      0.379500        1.400000        0.100000        1.000000        1.785714
      0.380500        1.400000        0.100000        1.000000        1.785714
      0.381500        1.400000        0.100000        1.000000        1.785714
      0.382500        1.400000        0.100000        1.000000        1.785714
      0.383500        1.400000        0.100000        1.000000        1.785714
      0.384500        1.400000        0.100000        1.000000        1.785714
      0.385500        1.400000        0.100000        1.000000        1.785714
      0.386500        1.400000        0.100000        1.000000        1.785714
      0.387500        1.400000        0.100000        1.000000        1.785714
      0.388500        1.400000        0.100000        1.000000        1.785714
      0.389500        1.400000        0.100000        1.000000        1.785714
      0.390500        1.400000        0.100000        1.000000        1.785714
      0.391500        1.400000        0.100000        1.000000        1.785714
      0.392500        1.400000        0.100000        1.000000        1.785714
      0.393500        1.400000        0.100000        1.000000        1.785714
      0.394500        1.400000        0.100000        1.000000        1.785714
      0.395500        1.400000        0.100000        1.000000        1.785714
      0.396500        1.400000        0.100000        1.000000        1.785714
      0.397500        1.400000        0.100000        1.000000        1.785714
      0.398500        1.400000        0.100000        1.000000        1.785714
      0.399500        1.400000        0.100000        1.000000        1.785714
      0.400500        1.400000        0.100000        1.000000        1.785714
      0.401500        1.400000        0.100000        1.000000        1.785714
      0.402500        1.400000        0.100000        1.000000        1.785714
      0.403500        1.400000        0.100000        1.000000        1.785714
      0.404500        1.400000        0.100000        1.000000        1.785714
      0.405500        1.400000        0.100000        1.000000        1.785714
      0.406500        1.400000        0.100000        1.000000        1.785714
      0.407500        1.400000        0.100000        1.000000        1.785714
      0.408500        1.400000        0.100000        1.000000        1.785714
      0.409500        1.400000        0.100000        1.000000        1.785714
      0.410500        1.400000        0.100000        1.000000        1.785714
      0.411500        1.400000        0.100000        1.000000        1.785714
      0.412500        1.400000        0.100000        1.000000        1.785714
      0.413500        1.400000        0.100000        1.000000        1.785714
      0.414500        1.400000        0.100000        1.000000        1.785714
      0.415500        1.400000        0.100000        1.000000        1.785714
      0.416500        1.400000        0.100000        1.000000        1.785714
      0.417500        1.400000        0.100000        1.000000        1.785714
      0.418500        1.400000        0.100000        1.000000        1.785714
      0.419500        1.400000        0.100000        1.000000        1.785714
      0.420500        1.400000        0.100000        1.000000        1.785714
      0.421500        1.400000        0.100000        1.000000        1.785714
      0.422500        1.400000        0.100000        1.000000        1.785714
      0.423500        1.400000        0.100000        1.000000        1.785714
      0.424500        1.400000        0.100000        1.000000        1.785714
      0.425500        1.400000        0.100000        1.000000        1.785714
      0.426500        1.400000        0.100000        1.000000        1.785714
      0.427500        1.400000        0.100000        1.000000        1.785714
      0.428500        1.400000        0.100000        1.000000        1.785714
      0.429500        1.400000        0.100000        1.000000        1.785714
      0.430500        1.400000        0.100000        1.000000        1.785714
      0.431500        1.400000        0.100000        1.000000        1.785714
      0.432500        1.400000        0.100000        1.000000        1.785714
      0.433500        1.400000        0.100000        1.000000        1.785714
      0.434500        1.400000        0.100000        1.000000        1.785714
      0.435500        1.400000        0.100000        1.000000        1.785714
      0.436500        1.400000        0.100000        1.000000        1.785714
      0.437500        1.400000        0.100000        1.000000        1.785714
      0.438500        1.400000        0.100000        1.000000        1.785714
      0.439500        1.400000        0.100000        1.000000        1.785714
      0.440500        1.400000        0.100000        1.000000        1.785714
      0.441500        1.400000        0.100000        1.000000        1.785714
      0.442500        1.400000        0.100000        1.000000        1.785714
      0.443500        1.400000        0.100000        1.000000        1.785714
      0.444500        1.400000        0.100000        1.000000        1.785714
      0.445500        1.400000        0.100000        1.000000        1.785714
      0.446500        1.400000        0.100000        1.000000        1.785714
      0.447500        1.400000        0.100000        1.000000        1.785714
      0.448500        1.400000        0.100000        1.000000        1.785714
      0.449500        1.400000        0.100000        1.000000        1.785714
      0.450500        1.400000        0.100000        1.000000        1.785714
      0.451500        1.400000        0.100000        1.000000        1.785714
      0.452500        1.400000        0.100000        1.000000        1.785714
      0.453500        1.400000        0.100000        1.000000        1.785714
      0.454500        1.400000        0.100000        1.000000        1.785714
      0.455500        1.400000        0.100000        1.000000        1.785714
      0.456500        1.400000        0.100000        1.000000        1.785714
      0.457500        1.400000        0.100000        1.000000        1.785714
      0.458500        1.400000        0.100000        1.000000        1.785714
      0.459500        1.400000        0.100000        1.000000        1.785714
      0.460500        1.400000        0.100000        1.000000        1.785714
      0.461500        1.400000        0.100000        1.000000        1.785714
      0.462500        1.400000        0.100000        1.000000        1.785714
      0.463500        1.400000        0.100000        1.000000        1.785714
      0.464500        1.400000        0.100000        1.000000        1.785714
      0.465500        1.400000        0.100000        1.000000        1.785714
      0.466500        1.400000        0.100000        1.000000        1.785714
      0.467500        1.400000        0.100000        1.000000        1.785714
      0.468500        1.400000        0.100000        1.000000        1.785714
      0.469500        1.400000        0.100000        1.000000        1.785714
      0.470500        1.400000        0.100000        1.000000        1.785714
      0.471500        1.400000        0.100000        1.000000        1.785714
      0.472500        1.400000        0.100000        1.000000        1.785714
      0.473500        1.400000        0.100000        1.000000        1.785714
      0.474500        1.400000        0.100000        1.000000        1.785714
      0.475500        1.400000        0.100000        1.000000        1.785714
      0.476500        1.400000        0.100000        1.000000        1.785714
      0.477500        1.400000        0.100000        1.000000        1.785714
      0.478500        1.400000        0.100000        1.000000        1.785714
      0.479500        1.400000        0.100000        1.000000        1.785714
      0.480500        1.400000        0.100000        1.000000        1.785714
      0.481500        1.400000        0.100000        1.000000        1.785714
      0.482500        1.400000        0.100000        1.000000        1.785714
      0.483500        1.400000        0.100000        1.000000        1.785714
      0.484500        1.400000        0.100000        1.000000        1.785714
      0.485500        1.400000        0.100000        1.000000        1.785714
      0.486500        1.400000        0.100000        1.000000        1.785714
      0.487500        1.400000        0.100000        1.000000        1.785714
      0.488500        1.400000        0.100000        1.000000        1.785714
      0.489500        1.400000        0.100000        1.000000        1.785714
      0.490500        1.400000        0.100000        1.000000        1.785714
      0.491500        1.400000        0.100000        1.000000        1.785714
      0.492500        1.400000        0.100000        1.000000        1.785714
      0.493500        1.400000        0.100000        1.000000        1.785714
      0.494500        1.400000        0.100000        1.000000        1.785714
      0.495500        1.400000        0.100000        1.000000        1.785714
      0.496500        1.400000        0.100000        1.000000        1.785714
      0.497500        1.400000        0.100000        1.000000        1.785714
      0.498500        1.400000        0.100000        1.000000        1.785714
      0.499500        1.400000        0.100000        1.000000        1.785714
      0.500500        1.400000        0.100000        1.000000        1.785714
      0.501500        1.400000        0.100000        1.000000        1.785714
      0.502500        1.400000        0.100000        1.000000        1.785714
      0.503500        1.400000        0.100000        1.000000        1.785714
      0.504500        1.400000        0.100000        1.000000        1.785714
      0.505500        1.400000        0.100000        1.000000        1.785714
      0.506500        1.400000        0.100000        1.000000        1.785714
      0.507500        1.400000        0.100000        1.000000        1.785714
      0.508500        1.400000        0.100000        1.000000        1.785714
      0.509500        1.400000        0.100000        1.000000        1.785714
      0.510500        1.400000        0.100000        1.000000        1.785714
      0.511500        1.400000        0.100000        1.000000        1.785714
      0.512500        1.400000        0.100000        1.000000        1.785714
      0.513500        1.400000        0.100000        1.000000        1.785714
      0.514500        1.400000        0.100000        1.000000        1.785714
      0.515500        1.400000        0.100000        1.000000        1.785714
      0.516500        1.400000        0.100000        1.000000        1.785714
      0.517500        1.400000        0.100000        1.000000        1.785714
      0.518500        1.400000        0.100000        1.000000        1.785714
      0.519500        1.400000        0.100000        1.000000        1.785714
      0.520500        1.400000        0.100000        1.000000        1.785714
      0.521500        1.400000        0.100000        1.000000        1.785714
      0.522500        1.400000        0.100000        1.000000        1.785714
      0.523500        1.400000        0.100000        1.000000        1.785714
      0.524500        1.400000        0.100000        1.000000        1.785714
      0.525500        1.400000        0.100000        1.000000        1.785714
      0.526500        1.400000        0.100000        1.000000        1.785714
      0.527500        1.400000        0.100000        1.000000        1.785714
      0.528500        1.400000        0.100000        1.000000        1.785714
      0.529500        1.400000        0.100000        1.000000        1.785714
      0.530500        1.400000        0.100000        1.000000        1.785714
      0.531500        1.400000        0.100000        1.000000        1.785714
      0.532500        1.400000        0.100000        1.000000        1.785714
      0.533500        1.400000        0.100000        1.000000        1.785714
      0.534500        1.400000        0.100000        1.000000        1.785714
      0.535500        1.400000        0.100000        1.000000        1.785714
      0.536500        1.400000        0.100000        1.000000        1.785714
      0.537500        1.400000        0.100000        1.000000        1.785714
      0.538500        1.400000        0.100000        1.000000        1.785714
      0.539500        1.400000        0.100000        1.000000        1.785714
      0.540500        1.400000        0.100000        1.000000        1.785714
      0.541500        1.400000        0.100000        1.000000        1.785714
      0.542500        1.400000        0.100000        1.000000        1.785714
      0.543500        1.400000        0.100000        1.000000        1.785714
      0.544500        1.400000        0.100000        1.000000        1.785714
      0.545500        1.400000        0.100000        1.000000        1.785714
      0.546500        1.400000        0.100000        1.000000        1.785714
      0.547500        1.400000        0.100000        1.000000        1.785714
      0.548500        1.400000        0.100000        1.000000        1.785714
      0.549500        1.400000        0.100000        1.000000        1.785714
      0.550500        1.400000        0.100000        1.000000        1.785714
      0.551500        1.400000        0.100000        1.000000        1.785714
      0.552500        1.400000        0.100000        1.000000        1.785714
      0.553500        1.400000        0.100000        1.000000        1.785714
      0.554500        1.400000        0.100000        1.000000        1.785714
      0.555500        1.400000        0.100000        1.000000        1.785714
      0.556500        1.400000        0.100000        1.000000        1.785714
      0.557500        1.400000        0.100000        1.000000        1.785714
      0.558500        1.400000        0.100000        1.000000        1.785714
      0.559500        1.400000        0.100000        1.000000        1.785714
      0.560500        1.400000        0.100000        1.000000        1.785714
      0.561500        1.400000        0.100000        1.000000        1.785714
      0.562500        1.400000        0.100000        1.000000        1.785714
      0.563500        1.400000        0.100000        1.000000        1.785714
      0.564500        1.400000        0.100000        1.000000        1.785714
      0.565500        1.400000        0.100000        1.000000        1.785714
      0.566500        1.400000        0.100000        1.000000        1.785714
      0.567500        1.400000        0.100000        1.000000        1.785714
      0.568500        1.400000        0.100000        1.000000        1.785714
      0.569500        1.400000        0.100000        1.000000        1.785714
      0.570500        1.400000        0.100000        1.000000        1.785714
      0.571500        1.400000        0.100000        1.000000        1.785714
      0.572500        1.400000        0.100000        1.000000        1.785714
      0.573500        1.400000        0.100000        1.000000        1.785714
      0.574500        1.400000        0.100000        1.000000        1.785714
      0.575500        1.400000        0.100000        1.000000        1.785714
      0.576500        1.400000        0.100000        1.000000        1.785714
      0.577500        1.400000        0.100000        1.000000        1.785714
      0.578500        1.400000        0.100000        1.000000        1.785714
      0.579500        1.400000        0.100000        1.000000        1.785714
      0.580500        1.400000        0.100000        1.000000        1.785714
      0.581500        1.400000        0.100000        1.000000        1.785714
      0.582500        1.400000        0.100000        1.000000        1.785714
      0.583500        1.400000        0.100000        1.000000        1.785714
      0.584500        1.400000        0.100000        1.000000        1.785714
      0.585500        1.400000        0.100000        1.000000        1.785714
      0.586500        1.400000        0.100000        1.000000        1.785714
      0.587500        1.400000        0.100000        1.000000        1.785714
      0.588500        1.400000        0.100000        1.000000        1.785714
      0.589500        1.400000        0.100000        1.000000        1.785714
      0.590500        1.400000        0.100000        1.000000        1.785714
      0.591500        1.400000        0.100000        1.000000        1.785714
      0.592500        1.400000        0.100000        1.000000        1.785714
      0.593500        1.400000        0.100000        1.000000        1.785714
      0.594500        1.400000        0.100000        1.000000        1.785714
      0.595500        1.400000        0.100000        1.000000        1.785714
      0.596500        1.400000        0.100000        1.000000        1.785714
      0.597500        1.400000        0.100000        1.000000        1.785714
      0.598500        1.400000        0.100000        1.000000        1.785714
      0.599500        1.400000        0.100000        1.000000        1.785714
      0.600500        1.400000        0.100000        1.000000        1.785714
      0.601500        1.400000        0.100000        1.000000        1.785714
      0.602500        1.400000        0.100000        1.000000        1.785714
      0.603500        1.400000        0.100000        1.000000        1.785714
      0.604500        1.400000        0.100000        1.000000        1.785714
      0.605500        1.400000        0.100000        1.000000        1.785714
      0.606500        1.400000        0.100000        1.000000        1.785714
      0.607500        1.400000        0.100000        1.000000        1.785714
      0.608500        1.400000        0.100000        1.000000        1.785714
      0.609500        1.400000        0.100000        1.000000        1.785714
      0.610500        1.400000        0.100000        1.000000        1.785714
      0.611500        1.400000        0.100000        1.000000        1.785714
      0.612500        1.400000        0.100000        1.000000        1.785714
      0.613500        1.400000        0.100000        1.000000        1.785714
      0.614500        1.400000        0.100000        1.000000        1.785714
      0.615500        1.400000        0.100000        1.000000        1.785714
      0.616500        1.400000        0.100000        1.000000        1.785714
      0.617500        1.400000        0.100000        1.000000        1.785714
      0.618500        1.400000        0.100000        1.000000        1.785714
      0.619500        1.400000        0.100000        1.000000        1.785714
      0.620500        1.400000        0.100000        1.000000        1.785714
      0.621500        1.400000        0.100000        1.000000        1.785714
      0.622500        1.400000        0.100000        1.000000        1.785714
      0.623500        1.400000        0.100000        1.000000        1.785714
      0.624500        1.400000        0.100000        1.000000        1.785714
      0.625500        1.400000        0.100000        1.000000        1.785714
      0.626500        1.400000        0.100000        1.000000        1.785714
      0.627500        1.400000        0.100000        1.000000        1.785714
      0.628500        1.400000        0.100000        1.000000        1.785714
      0.629500        1.400000        0.100000        1.000000        1.785714
      0.630500        1.400000        0.100000        1.000000        1.785714
      0.631500        1.400000        0.100000        1.000000        1.785714
      0.632500        1.400000        0.100000        1.000000        1.785714
      0.633500        1.400000        0.100000        1.000000        1.785714
      0.634500        1.400000        0.100000        1.000000        1.785714
      0.635500        1.400000        0.100000        1.000000        1.785714
      0.636500        1.400000        0.100000        1.000000        1.785714
      0.637500        1.400000        0.100000        1.000000        1.785714
      0.638500        1.400000        0.100000        1.000000        1.785714
      0.639500        1.400000        0.100000        1.000000        1.785714
      0.640500        1.400000        0.100000        1.000000        1.785714
      0.641500        1.400000        0.100000        1.000000        1.785714
      0.642500        1.400000        0.100000        1.000000        1.785714
      0.643500        1.400000        0.100000        1.000000        1.785714
      0.644500        1.400000        0.100000        1.000000        1.785714
      0.645500        1.400000        0.100000        1.000000        1.785714
      0.646500        1.400000        0.100000        1.000000        1.785714
      0.647500        1.400000        0.100000        1.000000        1.785714
      0.648500        1.400000        0.100000        1.000000        1.785714
      0.649500        1.400000        0.100000        1.000000        1.785714
      0.650500        1.400000        0.100000        1.000000        1.785714
      0.651500        1.400000        0.100000        1.000000        1.785714
      0.652500        1.400000        0.100000        1.000000        1.785714
      0.653500        1.400000        0.100000        1.000000        1.785714
      0.654500        1.400000        0.100000        1.000000        1.785714
      0.655500        1.400000        0.100000        1.000000        1.785714
      0.656500        1.400000        0.100000        1.000000        1.785714
      0.657500        1.400000        0.100000        1.000000        1.785714
      0.658500        1.400000        0.100000        1.000000        1.785714
      0.659500        1.400000        0.100000        1.000000        1.785714
      0.660500        1.400000        0.100000        1.000000        1.785714
      0.661500        1.400000        0.100000        1.000000        1.785714
      0.662500        1.400000        0.100000        1.000000        1.785714
      0.663500        1.400000        0.100000        1.000000        1.785714
      0.664500        1.400000        0.100000        1.000000        1.785714
      0.665500        1.400000        0.100000        1.000000        1.785714
      0.666500        1.400000        0.100000        1.000000        1.785714
      0.667500        1.400000        0.100000        1.000000        1.785714
      0.668500        1.400000        0.100000        1.000000        1.785714
      0.669500        1.400000        0.100000        1.000000        1.785714
      0.670500        1.400000        0.100000        1.000000        1.785714
      0.671500        1.400000        0.100000        1.000000        1.785714
      0.672500        1.400000        0.100000        1.000000        1.785714
      0.673500        1.400000        0.100000        1.000000        1.785714
      0.674500        1.400000        0.100000        1.000000        1.785714
      0.675500        1.400000        0.100000        1.000000        1.785714
      0.676500        1.400000        0.100000        1.000000        1.785714
      0.677500        1.400000        0.100000        1.000000        1.785714
      0.678500        1.400000        0.100000        1.000000        1.785714
      0.679500        1.400000        0.100000        1.000000        1.785714
      0.680500        1.400000        0.100000        1.000000        1.785714
      0.681500        1.400000        0.100000        1.000000        1.785714
      0.682500        1.400000        0.100000        1.000000        1.785714
      0.683500        1.400000        0.100000        1.000000        1.785714
      0.684500        1.400000        0.100000        1.000000        1.785714
      0.685500        1.400000        0.100000        1.000000        1.785714
      0.686500        1.400000        0.100000        1.000000        1.785714
      0.687500        1.400000        0.100000        1.000000        1.785714
      0.688500        1.400000        0.100000        1.000000        1.785714
      0.689500        1.400000        0.100000        1.000000        1.785714
      0.690500        1.400000        0.100000        1.000000        1.785714
      0.691500        1.400000        0.100000        1.000000        1.785714
      0.692500        1.400000        0.100000        1.000000        1.785714
      0.693500        1.400000        0.100000        1.000000        1.785714
      0.694500        1.400000        0.100000        1.000000        1.785714
      0.695500        1.400000        0.100000        1.000000        1.785714
      0.696500        1.400000        0.100000        1.000000        1.785714
      0.697500        1.400000        0.100000        1.000000        1.785714
      0.698500        1.400000        0.100000        1.000000        1.785714
      0.699500        1.400000        0.100000        1.000000        1.785714
      0.700500        1.000000        0.100000        1.000000        2.500000
      0.701500        1.000000        0.100000        1.000000        2.500000
      0.702500        1.000000        0.100000        1.000000        2.500000
      0.703500        1.000000        0.100000        1.000000        2.500000
      0.704500        1.000000        0.100000        1.000000        2.500000
      0.705500        1.000000        0.100000        1.000000        2.500000
      0.706500        1.000000        0.100000        1.000000        2.500000
      0.707500        1.000000        0.100000        1.000000        2.500000
      0.708500        1.000000        0.100000        1.000000        2.500000
      0.709500        1.000000        0.100000        1.000000        2.500000
      0.710500        1.000000        0.100000        1.000000        2.500000
      0.711500        1.000000        0.100000        1.000000        2.500000
      0.712500        1.000000        0.100000        1.000000        2.500000
      0.713500        1.000000        0.100000        1.000000        2.500000
      0.714500        1.000000        0.100000        1.000000        2.500000
      0.715500        1.000000        0.100000        1.000000        2.500000
      0.716500        1.000000        0.100000        1.000000        2.500000
      0.717500        1.000000        0.100000        1.000000        2.500000
      0.718500        1.000000        0.100000        1.000000        2.500000
      0.719500        1.000000        0.100000        1.000000        2.500000
      0.720500        1.000000        0.100000        1.000000        2.500000
      0.721500        1.000000        0.100000        1.000000        2.500000
      0.722500        1.000000        0.100000        1.000000        2.500000
      0.723500        1.000000        0.100000        1.000000        2.500000
      0.724500        1.000000        0.100000        1.000000        2.500000
      0.725500        1.000000        0.100000        1.000000        2.500000
      0.726500        1.000000        0.100000        1.000000        2.500000
      0.727500        1.000000        0.100000        1.000000        2.500000
      0.728500        1.000000        0.100000        1.000000        2.500000
      0.729500        1.000000        0.100000        1.000000        2.500000
      0.730500        1.000000        0.100000        1.000000        2.500000
      0.731500        1.000000        0.100000        1.000000        2.500000
      0.732500        1.000000        0.100000        1.000000        2.500000
      0.733500        1.000000        0.100000        1.000000        2.500000
      0.734500        1.000000        0.100000        1.000000        2.500000
      0.735500        1.000000        0.100000        1.000000        2.500000
      0.736500        1.000000        0.100000        1.000000        2.500000
      0.737500        1.000000        0.100000        1.000000        2.500000
      0.738500        1.000000        0.100000        1.000000        2.500000
      0.739500        1.000000        0.100000        1.000000        2.500000
      0.740500        1.000000        0.100000        1.000000        2.500000
      0.741500        1.000000        0.100000        1.000000        2.500000
      0.742500        1.000000        0.100000        1.000000        2.500000
      0.743500        1.000000        0.100000        1.000000        2.500000
      0.744500        1.000000        0.100000        1.000000        2.500000
      0.745500        1.000000        0.100000        1.000000        2.500000
      0.746500        1.000000        0.100000        1.000000        2.500000
      0.747500        1.000000        0.100000        1.000000        2.500000
      0.748500        1.000000        0.100000        1.000000        2.500000
      0.749500        1.000000        0.100000        1.000000        2.500000
      0.750500        1.000000        0.100000        1.000000        2.500000
      0.751500        1.000000        0.100000        1.000000        2.500000
      0.752500        1.000000        0.100000        1.000000        2.500000
      0.753500        1.000000        0.100000        1.000000        2.500000
      0.754500        1.000000        0.100000        1.000000        2.500000
      0.755500        1.000000        0.100000        1.000000        2.500000
      0.756500        1.000000        0.100000        1.000000        2.500000
      0.757500        1.000000        0.100000        1.000000        2.500000
      0.758500        1.000000        0.100000        1.000000        2.500000
      0.759500        1.000000        0.100000        1.000000        2.500000
      0.760500        1.000000        0.100000        1.000000        2.500000
      0.761500        1.000000        0.100000        1.000000        2.500000
      0.762500        1.000000        0.100000        1.000000        2.500000
      0.763500        1.000000        0.100000        1.000000        2.500000
      0.764500        1.000000        0.100000        1.000000        2.500000
      0.765500        1.000000        0.100000        1.000000        2.500000
      0.766500        1.000000        0.100000        1.000000        2.500000
      0.767500        1.000000        0.100000        1.000000        2.500000
      0.768500        1.000000        0.100000        1.000000        2.500000
      0.769500        1.000000        0.100000        1.000000        2.500000
      0.770500        1.000000        0.100000        1.000000        2.500000
      0.771500        1.000000        0.100000        1.000000        2.500000
      0.772500        1.000000        0.100000        1.000000        2.500000
      0.773500        1.000000        0.100000        1.000000        2.500000
      0.774500        1.000000        0.100000        1.000000        2.500000
      0.775500        1.000000        0.100000        1.000000        2.500000
      0.776500        1.000000        0.100000        1.000000        2.500000
      0.777500        1.000000        0.100000        1.000000        2.500000
      0.778500        1.000000        0.100000        1.000000        2.500000
      0.779500        1.000000        0.100000        1.000000        2.500000
      0.780500        1.000000        0.100000        1.000000        2.500000
      0.781500        1.000000        0.100000        1.000000        2.500000
      0.782500        1.000000        0.100000        1.000000        2.500000
      0.783500        1.000000        0.100000        1.000000        2.500000
      0.784500        1.000000        0.100000        1.000000        2.500000
      0.785500        1.000000        0.100000        1.000000        2.500000
      0.786500        1.000000        0.100000        1.000000        2.500000
      0.787500        1.000000        0.100000        1.000000        2.500000
      0.788500        1.000000        0.100000        1.000000        2.500000
      0.789500        1.000000        0.100000        1.000000        2.500000
      0.790500        1.000000        0.100000        1.000000        2.500000
      0.791500        1.000000        0.100000        1.000000        2.500000
      0.792500        1.000000        0.100000        1.000000        2.500000
      0.793500        1.000000        0.100000        1.000000        2.500000
      0.794500        1.000000        0.100000        1.000000        2.500000
      0.795500        1.000000        0.100000        1.000000        2.500000
      0.796500        1.000000        0.100000        1.000000        2.500000
      0.797500        1.000000        0.100000        1.000000        2.500000
      0.798500        1.000000        0.100000        1.000000        2.500000
      0.799500        1.000000        0.100000        1.000000        2.500000
      0.800500        1.000000        0.100000        1.000000        2.500000
      0.801500        1.000000        0.100000        1.000000        2.500000
      0.802500        1.000000        0.100000        1.000000        2.500000
      0.803500        1.000000        0.100000        1.000000        2.500000
      0.804500        1.000000        0.100000        1.000000        2.500000
      0.805500        1.000000        0.100000        1.000000        2.500000
      0.806500        1.000000        0.100000        1.000000        2.500000
      0.807500        1.000000        0.100000        1.000000        2.500000
      0.808500        1.000000        0.100000        1.000000        2.500000
      0.809500        1.000000        0.100000        1.000000        2.500000
      0.810500        1.000000        0.100000        1.000000        2.500000
      0.811500        1.000000        0.100000        1.000000        2.500000
      0.812500        1.000000        0.100000        1.000000        2.500000
      0.813500        1.000000        0.100000        1.000000        2.500000
      0.814500        1.000000        0.100000        1.000000        2.500000
      0.815500        1.000000        0.100000        1.000000        2.500000
      0.816500        1.000000        0.100000        1.000000        2.500000
      0.817500        1.000000        0.100000        1.000000        2.500000
      0.818500        1.000000        0.100000        1.000000        2.500000
      0.819500        1.000000        0.100000        1.000000        2.500000
      0.820500        1.000000        0.100000        1.000000        2.500000
      0.821500        1.000000        0.100000        1.000000        2.500000
      0.822500        1.000000        0.100000        1.000000        2.500000
      0.823500        1.000000        0.100000        1.000000        2.500000
      0.824500        1.000000        0.100000        1.000000        2.500000
      0.825500        1.000000        0.100000        1.000000        2.500000
      0.826500        1.000000        0.100000        1.000000        2.500000
      0.827500        1.000000        0.100000        1.000000        2.500000
      0.828500        1.000000        0.100000        1.000000        2.500000
      0.829500        1.000000        0.100000        1.000000        2.500000
      0.830500        1.000000        0.100000        1.000000        2.500000
      0.831500        1.000000        0.100000        1.000000        2.500000
      0.832500        1.000000        0.100000        1.000000        2.500000
      0.833500        1.000000        0.100000        1.000000        2.500000
      0.834500        1.000000        0.100000        1.000000        2.500000
      0.835500        1.000000        0.100000        1.000000        2.500000
      0.836500        1.000000        0.100000        1.000000        2.500000
      0.837500        1.000000        0.100000        1.000000        2.500000
      0.838500        1.000000        0.100000        1.000000        2.500000
      0.839500        1.000000        0.100000        1.000000        2.500000
      0.840500        1.000000        0.100000        1.000000        2.500000
      0.841500        1.000000        0.100000        1.000000        2.500000
      0.842500        1.000000        0.100000        1.000000        2.500000
      0.843500        1.000000        0.100000        1.000000        2.500000
      0.844500        1.000000        0.100000        1.000000        2.500000
      0.845500        1.000000        0.100000        1.000000        2.500000
      0.846500        1.000000        0.100000        1.000000        2.500000
      0.847500        1.000000        0.100000        1.000000        2.500000
      0.848500        1.000000        0.100000        1.000000        2.500000
      0.849500        1.000000        0.100000        1.000000        2.500000
      0.850500        1.000000        0.100000        1.000000        2.500000
      0.851500        1.000000        0.100000        1.000000        2.500000
      0.852500        1.000000        0.100000        1.000000        2.500000
      0.853500        1.000000        0.100000        1.000000        2.500000
      0.854500        1.000000        0.100000        1.000000        2.500000
      0.855500        1.000000        0.100000        1.000000        2.500000
      0.856500        1.000000        0.100000        1.000000        2.500000
      0.857500        1.000000        0.100000        1.000000        2.500000
      0.858500        1.000000        0.100000        1.000000        2.500000
      0.859500        1.000000        0.100000        1.000000        2.500000
      0.860500        1.000000        0.100000        1.000000        2.500000
      0.861500        1.000000        0.100000        1.000000        2.500000
      0.862500        1.000000        0.100000        1.000000        2.500000
      0.863500        1.000000        0.100000        1.000000        2.500000
      0.864500        1.000000        0.100000        1.000000        2.500000
      0.865500        1.000000        0.100000        1.000000        2.500000
      0.866500        1.000000        0.100000        1.000000        2.500000
      0.867500        1.000000        0.100000        1.000000        2.500000
      0.868500        1.000000        0.100000        1.000000        2.500000
      0.869500        1.000000        0.100000        1.000000        2.500000
      0.870500        1.000000        0.100000        1.000000        2.500000
      0.871500        1.000000        0.100000        1.000000        2.500000
      0.872500        1.000000        0.100000        1.000000        2.500000
      0.873500        1.000000        0.100000        1.000000        2.500000
      0.874500        1.000000        0.100000        1.000000        2.500000
      0.875500        1.000000        0.100000        1.000000        2.500000
      0.876500        1.000000        0.100000        1.000000        2.500000
      0.877500        1.000000        0.100000        1.000000        2.500000
      0.878500        1.000000        0.100000        1.000000        2.500000
      0.879500        1.000000        0.100000        1.000000        2.500000
      0.880500        1.000000        0.100000        1.000000        2.500000
      0.881500        1.000000        0.100000        1.000000        2.500000
      0.882500        1.000000        0.100000        1.000000        2.500000
      0.883500        1.000000        0.100000        1.000000        2.500000
      0.884500        1.000000        0.100000        1.000000        2.500000
      0.885500        1.000000        0.100000        1.000000        2.500000
      0.886500        1.000000        0.100000        1.000000        2.500000
      0.887500        1.000000        0.100000        1.000000        2.500000
      0.888500        1.000000        0.100000        1.000000        2.500000
      0.889500        1.000000        0.100000        1.000000        2.500000
      0.890500        1.000000        0.100000        1.000000        2.500000
      0.891500        1.000000        0.100000        1.000000        2.500000
      0.892500        1.000000        0.100000        1.000000        2.500000
      0.893500        1.000000        0.100000        1.000000        2.500000
      0.894500        1.000000        0.100000        1.000000        2.500000
      0.895500        1.000000        0.100000        1.000000        2.500000
      0.896500        1.000000        0.100000        1.000000        2.500000
      0.897500        1.000000        0.100000        1.000000        2.500000
      0.898500        1.000000        0.100000        1.000000        2.500000
      0.899500        1.000000        0.100000        1.000000        2.500000
      0.900500        1.000000        0.100000        1.000000        2.500000
      0.901500        1.000000        0.100000        1.000000        2.500000
      0.902500        1.000000        0.100000        1.000000        2.500000
      0.903500        1.000000        0.100000        1.000000        2.500000
      0.904500        1.000000        0.100000        1.000000        2.500000
      0.905500        1.000000        0.100000        1.000000        2.500000
      0.906500        1.000000        0.100000        1.000000        2.500000
      0.907500        1.000000        0.100000        1.000000        2.500000
      0.908500        1.000000        0.100000        1.000000        2.500000
      0.909500        1.000000        0.100000        1.000000        2.500000
      0.910500        1.000000        0.100000        1.000000        2.500000
      0.911500        1.000000        0.100000        1.000000        2.500000
      0.912500        1.000000        0.100000        1.000000        2.500000
      0.913500        1.000000        0.100000        1.000000        2.500000
      0.914500        1.000000        0.100000        1.000000        2.500000
      0.915500        1.000000        0.100000        1.000000        2.500000
      0.916500        1.000000        0.100000        1.000000        2.500000
      0.917500        1.000000        0.100000        1.000000        2.500000
      0.918500        1.000000        0.100000        1.000000        2.500000
      0.919500        1.000000        0.100000        1.000000        2.500000
      0.920500        1.000000        0.100000        1.000000        2.500000
      0.921500        1.000000        0.100000        1.000000        2.500000
      0.922500        1.000000        0.100000        1.000000        2.500000
      0.923500        1.000000        0.100000        1.000000        2.500000
      0.924500        1.000000        0.100000        1.000000        2.500000
      0.925500        1.000000        0.100000        1.000000        2.500000
      0.926500        1.000000        0.100000        1.000000        2.500000
      0.927500        1.000000        0.100000        1.000000        2.500000
      0.928500        1.000000        0.100000        1.000000        2.500000
      0.929500        1.000000        0.100000        1.000000        2.500000
      0.930500        1.000000        0.100000        1.000000        2.500000
      0.931500        1.000000        0.100000        1.000000        2.500000
      0.932500        1.000000        0.100000        1.000000        2.500000
      0.933500        1.000000        0.100000        1.000000        2.500000
      0.934500        1.000000        0.100000        1.000000        2.500000
      0.935500        1.000000        0.100000        1.000000        2.500000
      0.936500        1.000000        0.100000        1.000000        2.500000
      0.937500        1.000000        0.100000        1.000000        2.500000
      0.938500        1.000000        0.100000        1.000000        2.500000
      0.939500        1.000000        0.100000        1.000000        2.500000
      0.940500        1.000000        0.100000        1.000000        2.500000
      0.941500        1.000000        0.100000        1.000000        2.500000
      0.942500        1.000000        0.100000        1.000000        2.500000
      0.943500        1.000000        0.100000        1.000000        2.500000
      0.944500        1.000000        0.100000        1.000000        2.500000
      0.945500        1.000000        0.100000        1.000000        2.500000
      0.946500        1.000000        0.100000        1.000000        2.500000
      0.947500        1.000000        0.100000        1.000000        2.500000
      0.948500        1.000000        0.100000        1.000000        2.500000
      0.949500        1.000000        0.100000        1.000000        2.500000
      0.950500        1.000000        0.100000        1.000000        2.500000
      0.951500        1.000000        0.100000        1.000000        2.500000
      0.952500        1.000000        0.100000        1.000000        2.500000
      0.953500        1.000000        0.100000        1.000000        2.500000
      0.954500        1.000000        0.100000        1.000000        2.500000
      0.955500        1.000000        0.100000        1.000000        2.500000
      0.956500        1.000000        0.100000        1.000000        2.500000
      0.957500        1.000000        0.100000        1.000000        2.500000
      0.958500        1.000000        0.100000        1.000000        2.500000
      0.959500        1.000000        0.100000        1.000000        2.500000
      0.960500        1.000000        0.100000        1.000000        2.500000
      0.961500        1.000000        0.100000        1.000000        2.500000
      0.962500        1.000000        0.100000        1.000000        2.500000
      0.963500        1.000000        0.100000        1.000000        2.500000
      0.964500        1.000000        0.100000        1.000000        2.500000
      0.965500        1.000000        0.100000        1.000000        2.500000
      0.966500        1.000000        0.100000        1.000000        2.500000
      0.967500        1.000000        0.100000        1.000000        2.500000
      0.968500        1.000000        0.100000        1.000000        2.500000
      0.969500        1.000000        0.100000        1.000000        2.500000
      0.970500        1.000000        0.100000        1.000000        2.500000
      0.971500        1.000000        0.100000        1.000000        2.500000
      0.972500        1.000000        0.100000        1.000000        2.500000
      0.973500        1.000000        0.100000        1.000000        2.500000
      0.974500        1.000000        0.100000        1.000000        2.500000
      0.975500        1.000000        0.100000        1.000000        2.500000
      0.976500        1.000000        0.100000        1.000000        2.500000
      0.977500        1.000000        0.100000        1.000000        2.500000
      0.978500        1.000000        0.100000        1.000000        2.500000
      0.979500        1.000000        0.100000        1.000000        2.500000
      0.980500        1.000000        0.100000        1.000000        2.500000
      0.981500        1.000000        0.100000        1.000000        2.500000
      0.982500        1.000000        0.100000        1.000000        2.500000
      0.983500        1.000000        0.100000        1.000000        2.500000
      0.984500        1.000000        0.100000        1.000000        2.500000
      0.985500        1.000000        0.100000        1.000000        2.500000
      0.986500        1.000000        0.100000        1.000000        2.500000
      0.987500        1.000000        0.100000        1.000000        2.500000
      0.988500        1.000000        0.100000        1.000000        2.500000
      0.989500        1.000000        0.100000        1.000000        2.500000
      0.990500        1.000000        0.100000        1.000000        2.500000
      0.991500        1.000000        0.100000        1.000000        2.500000
      0.992500        1.000000        0.100000        1.000000        2.500000
      0.993500        1.000000        0.100000        1.000000        2.500000
      0.994500        1.000000        0.100000        1.000000        2.500000
      0.995500        1.000000        0.100000        1.000000        2.500000
      0.996500        1.000000        0.100000        1.000000        2.500000
      0.997500        1.000000        0.100000        1.000000        2.500000
      0.998500        1.000000        0.100000        1.000000        2.500000
      0.999500        1.000000        0.100000        1.000000        2.500000
