Step 1 0.0626919 0.00782681 0.00781798 0.00782275 0.00782084 0.00787258 0.00788832 0.00782061 0.00782204
Level 0 0.00521469 0.000681877 0.00061512 0.000619888 0.000626802 0.000623941 0.000678062 0.00067997 0.00068903
Level 1 0.0334604 0.0041399 0.00419903 0.00419688 0.00418901 0.00425982 0.00421 0.0041368 0.00412893
Level 2 0.0177197 0.00222015 0.00221801 0.00222015 0.00222015 0.00220299 0.00220108 0.00221801 0.0022192
Level 3 0.00563574 0.000701904 0.000700951 0.000700951 0.000700951 0.000715017 0.000714064 0.000700951 0.000700951
Level 4 0.000661373 8.29697e-05 8.4877e-05 8.4877e-05 8.39233e-05 7.08103e-05 8.51154e-05 8.4877e-05 8.39233e-05

Step 2 0.0961993 0.011991 0.0119891 0.0119901 0.0119891 0.0121441 0.01212 0.0119898 0.011986
Level 0 0.000980616 0.000105143 0.000120163 0.000117064 0.000126123 0.00013113 0.00013113 0.000128031 0.000121832
Level 1 0.0896733 0.011209 0.011193 0.0111961 0.0111871 0.0112581 0.011256 0.0111849 0.011189
Level 2 0.000929832 0.000112057 0.00011301 0.000111818 0.000111818 0.000128984 0.000128031 0.000112057 0.000112057
Level 3 0.00101686 0.000125885 0.000125885 0.000126123 0.000126123 0.000137806 0.000123978 0.000125885 0.00012517
Level 4 0.00359869 0.000438929 0.000437021 0.000438929 0.000437975 0.000488043 0.00048089 0.000438929 0.000437975

Step 3 0.0974791 0.0121429 0.012145 0.012145 0.012146 0.0122972 0.0123172 0.0121417 0.0121441
Level 0 0.000854015 0.000102997 0.00010705 0.000103951 0.000108957 0.000113964 0.00010705 0.000108004 0.000102043
Level 1 0.0938067 0.011714 0.0117099 0.011713 0.011709 0.0117662 0.0117719 0.0117078 0.0117149
Level 2 0.000709772 8.58307e-05 8.70228e-05 8.79765e-05 8.70228e-05 9.48906e-05 9.5129e-05 8.58307e-05 8.60691e-05
Level 3 0.000847578 9.91821e-05 9.799e-05 9.91821e-05 9.799e-05 0.000123024 0.000132084 9.91821e-05 9.89437e-05
Level 4 0.001261 0.000140905 0.000143051 0.000140905 0.000143051 0.00019908 0.000211 0.000140905 0.000142097

Step 4 0.10263 0.0127652 0.012768 0.0127661 0.012764 0.0130742 0.0129621 0.0127661 0.012764
Level 0 0.000762701 0.000101089 9.799e-05 9.5129e-05 7.70092e-05 8.32081e-05 0.000101089 0.000106096 0.000101089
Level 1 0.0983784 0.0122731 0.0122771 0.01228 0.0122972 0.0123639 0.0123451 0.0122681 0.012274
Level 2 0.000797033 9.70364e-05 9.70364e-05 9.799e-05 9.799e-05 0.000102997 0.000108957 9.799e-05 9.70364e-05
Level 3 0.0009799 0.000111818 0.00011301 0.000112057 0.00011301 0.000154972 0.000149012 0.00011301 0.00011301
Level 4 0.00171161 0.000182152 0.000182867 0.00018096 0.000178814 0.000369072 0.000257969 0.00018096 0.000178814

Step 5 0.112023 0.013931 0.0139279 0.013926 0.013926 0.014251 0.0142071 0.0139267 0.013927
Level 0 0.00108504 0.000143051 0.000133991 0.000138998 0.000128984 0.00012207 0.000130892 0.000138998 0.000148058
Level 1 0.0563846 0.00701594 0.00702381 0.00701809 0.00702691 0.00714087 0.00713015 0.00701785 0.00701094
Level 2 0.0506506 0.00632906 0.00633001 0.00632787 0.00632906 0.00634909 0.00632882 0.00632882 0.00632787
Level 3 0.0015142 0.000175953 0.000174046 0.000174999 0.000174046 0.000241995 0.000224113 0.000174999 0.000174046
Level 4 0.00238848 0.000267029 0.000266075 0.000266075 0.000267029 0.000396967 0.000393152 0.000266075 0.000266075

Step 6 0.093004 0.0117381 0.0114779 0.0114779 0.0118101 0.0118098 0.0117362 0.011477 0.011477
Level 0 0.000928164 0.000121117 0.000113964 0.000108957 0.000112057 0.000118971 0.000109911 0.000117064 0.000126123
Level 1 0.0506272 0.00629497 0.00630307 0.00630713 0.00637698 0.00637507 0.00638103 0.00629902 0.00628996
Level 2 0.0223968 0.00278497 0.00278783 0.00278592 0.00282598 0.00282311 0.00281715 0.00278592 0.00278592
Level 3 0.0123811 0.00152397 0.00152016 0.00152302 0.00160003 0.00159979 0.00157094 0.00152206 0.00152111
Level 4 0.00667071 0.00101304 0.000752926 0.000752926 0.000895023 0.000892878 0.000857115 0.000752926 0.00075388

Step 7 0.083874 0.010529 0.01037 0.0103688 0.0105841 0.010587 0.010535 0.010529 0.010371
Level 0 0.000778675 0.000100136 7.51019e-05 8.29697e-05 0.000110149 0.000115156 0.000108004 8.91685e-05 9.799e-05
Level 1 0.0450053 0.00558591 0.0056119 0.00560498 0.00564289 0.00563884 0.00565696 0.00567389 0.00558996
Level 2 0.0225894 0.00280213 0.00279999 0.00280118 0.00285697 0.00285912 0.00283504 0.00283504 0.00279999
Level 3 0.0105639 0.00129104 0.0012908 0.00128984 0.00136113 0.00136209 0.00134015 0.00133896 0.00128984
Level 4 0.0049367 0.000749826 0.000592232 0.000589848 0.000612974 0.000611782 0.000594854 0.000591993 0.000593185

Step 8 0.0890076 0.0111859 0.010987 0.010983 0.0111899 0.0111849 0.0112488 0.011246 0.010982
Level 0 0.000759363 0.000102997 0.000102997 9.89437e-05 8.17776e-05 8.2016e-05 8.08239e-05 9.98974e-05 0.000109911
Level 1 0.0471919 0.00585389 0.00585485 0.00585794 0.00594521 0.00594592 0.00595403 0.00593305 0.00584698
Level 2 0.0238104 0.00296211 0.00296402 0.00296211 0.00298691 0.00298309 0.00299501 0.00299501 0.00296211
Level 3 0.0117428 0.00144291 0.001441 0.001441 0.00149703 0.00149989 0.00149012 0.00148988 0.001441
Level 4 0.00550318 0.000823975 0.00062418 0.000622988 0.000679016 0.000674009 0.000728846 0.00072813 0.000622034

Step 9 0.105514 0.0133691 0.0129981 0.012996 0.0133739 0.0133691 0.0132251 0.0131891 0.0129941
Level 0 0.000787735 0.000102997 0.000104904 0.000102997 9.799e-05 0.000104904 9.60827e-05 7.89165e-05 9.89437e-05
Level 1 0.051682 0.00641799 0.00641704 0.00641894 0.00649595 0.00648904 0.00650287 0.00651908 0.00642109
Level 2 0.0263305 0.00326419 0.00326705 0.0032661 0.00334287 0.00334311 0.00329113 0.00329089 0.00326514
Level 3 0.018409 0.00226188 0.00225902 0.00225902 0.00240207 0.00239301 0.00230002 0.00227404 0.00225997
Level 4 0.00830507 0.00132203 0.000950098 0.000948906 0.00103498 0.00103903 0.00103498 0.00102615 0.000948906

Step 10 0.116321 0.014658 0.0143459 0.014343 0.0146649 0.014658 0.014653 0.014653 0.0143449
Level 0 0.00087738 0.000104904 0.000105858 0.000118017 0.000125885 0.000124931 0.000115871 7.98702e-05 0.000102043
Level 1 0.0672274 0.0083642 0.00836205 0.00834894 0.00844502 0.00844502 0.00843406 0.0084641 0.00836396
Level 2 0.0284753 0.00354195 0.00354314 0.00354314 0.00358605 0.0035851 0.00356293 0.00357008 0.0035429
Level 3 0.012677 0.001544 0.001544 0.001544 0.00164199 0.00164104 0.00160909 0.00160885 0.001544
Level 4 0.00706363 0.00110292 0.000790834 0.000788927 0.000865936 0.000861883 0.000931025 0.000930071 0.000792027

Step 11 0.122854 0.015373 0.0153201 0.0153739 0.015383 0.0153809 0.0153389 0.0153189 0.0153649
Level 0 0.000816584 8.89301e-05 8.89301e-05 9.98974e-05 0.000118971 0.000123978 0.000115871 8.70228e-05 9.29832e-05
Level 1 0.0609052 0.00757694 0.00757694 0.00764513 0.00763106 0.00762415 0.00762606 0.00765395 0.00757098
Level 2 0.0362024 0.00447798 0.00447798 0.00458193 0.00458384 0.00457788 0.00450993 0.00451303 0.00447989
Level 3 0.0173357 0.00210404 0.00210619 0.00224209 0.00224304 0.0022459 0.00212622 0.00216198 0.00210619
Level 4 0.00759363 0.0011251 0.00107002 0.000804901 0.000806093 0.000808954 0.000960827 0.000902891 0.00111485

Step 12 0.120688 0.015126 0.015106 0.015121 0.0151191 0.015022 0.0150981 0.0150957 0.0150001
Level 0 0.0008111 7.79629e-05 8.29697e-05 0.000119925 0.000127077 0.000125885 0.00011611 8.10623e-05 8.01086e-05
Level 1 0.0658858 0.00818396 0.0081811 0.00826001 0.00826287 0.0082581 0.00822496 0.00825882 0.00825596
Level 2 0.0293202 0.00365114 0.003649 0.00366116 0.00365496 0.00365496 0.00367999 0.003685 0.00368404
Level 3 0.0164499 0.00199389 0.00199485 0.00207996 0.00208116 0.00208521 0.00206995 0.00207186 0.00207305
Level 4 0.00822091 0.00121903 0.00119805 0.000999928 0.000993013 0.000897884 0.00100708 0.000998974 0.000906944

Step 13 0.135163 0.016614 0.0166152 0.017215 0.01722 0.016757 0.016789 0.016978 0.0169749
Level 0 0.000742435 0.000105143 0.000105143 0.000101089 8.29697e-05 8.39233e-05 8.2016e-05 8.01086e-05 0.000102043
Level 1 0.063525 0.00786686 0.00786901 0.00795293 0.00797606 0.00797319 0.00796795 0.007972 0.00794697
Level 2 0.037504 0.004637 0.00463486 0.00473905 0.00474095 0.00473595 0.00467205 0.004673 0.0046711
Level 3 0.0227642 0.00276303 0.00276518 0.00290108 0.00290298 0.00290608 0.00284004 0.00284195 0.00284386
Level 4 0.0106275 0.00124192 0.00124097 0.00152087 0.00151706 0.00105786 0.0012269 0.00141096 0.00141096

Step 14 0.122758 0.0153649 0.015394 0.0153818 0.0153298 0.0153151 0.015295 0.015379 0.0152988
Level 0 0.000818253 7.89165e-05 8.4877e-05 0.000119925 0.000126839 0.000126839 0.000116825 8.2016e-05 8.2016e-05
Level 1 0.0654209 0.00813293 0.00812602 0.00819397 0.00819206 0.00819111 0.00817204 0.0082078 0.00820494
Level 2 0.0324621 0.00403595 0.0040369 0.00406003 0.00405812 0.00405693 0.00407004 0.00407314 0.004071
Level 3 0.015914 0.00192404 0.00192404 0.00201488 0.00201583 0.00201702 0.00200415 0.00200605 0.00200796
Level 4 0.00814319 0.00119305 0.00122213 0.000993013 0.000936985 0.000923157 0.000931978 0.00100994 0.000932932

Step 15 0.124428 0.0152938 0.015296 0.0157039 0.0157061 0.0156987 0.0154459 0.0156398 0.0156441
Level 0 0.000736475 0.000102997 0.000103951 0.000100851 8.4877e-05 8.10623e-05 8.2016e-05 8.08239e-05 9.98974e-05
Level 1 0.066334 0.00822091 0.00822306 0.00830412 0.00832415 0.00832677 0.00831485 0.008322 0.00829816
Level 2 0.0334442 0.00415015 0.00414801 0.00419593 0.00419307 0.00418901 0.00419116 0.00418901 0.00418782
Level 3 0.0159266 0.00193977 0.00193977 0.00203109 0.0020318 0.002033 0.00193 0.00200796 0.00201321
Level 4 0.00798702 0.000880003 0.000881195 0.00107193 0.00107217 0.00106883 0.000927925 0.00103998 0.00104499

Step 16 0.146185 0.0179291 0.01828 0.018554 0.0185571 0.0179291 0.0183041 0.018316 0.018316
Level 0 0.000732422 9.799e-05 8.70228e-05 8.51154e-05 9.29832e-05 0.000100136 9.10759e-05 8.2016e-05 9.60827e-05
Level 1 0.0663049 0.00821018 0.00829601 0.00830698 0.00830412 0.00829291 0.00829387 0.00830793 0.00829291
Level 2 0.043175 0.00534081 0.00537896 0.00544 0.00544095 0.00543809 0.00537801 0.00537801 0.00538015
Level 3 0.0245783 0.00297809 0.00305414 0.00311184 0.00312304 0.00311708 0.00306511 0.00306511 0.00306392
Level 4 0.0113947 0.001302 0.00146389 0.00161004 0.00159597 0.000980854 0.00147605 0.00148296 0.00148296

Step 17 0.129187 0.0160089 0.0162158 0.0162179 0.0162108 0.0161169 0.0159769 0.0162199 0.0162199
Level 0 0.000807047 8.89301e-05 0.000126839 0.000123978 0.000104904 0.000101805 9.48906e-05 8.08239e-05 8.4877e-05
Level 1 0.0726111 0.00908709 0.00904512 0.00905395 0.00907803 0.00908113 0.00907588 0.00909495 0.00909495
Level 2 0.0317812 0.00394988 0.00399399 0.00402093 0.00401902 0.00386691 0.00395322 0.00399017 0.00398707
Level 3 0.0159323 0.00196099 0.00201082 0.00202107 0.00202084 0.00193501 0.00195289 0.00201583 0.00201488
Level 4 0.00805521 0.000921965 0.00103903 0.00099802 0.000988007 0.00113201 0.00090003 0.00103807 0.00103807

Step 18 0.125653 0.0158019 0.0157671 0.0157812 0.0157831 0.0154052 0.0155067 0.0158021 0.0158052
Level 0 0.000803471 0.000108957 0.000108957 0.000105143 9.70364e-05 0.000102043 9.5129e-05 8.2016e-05 0.000104189
Level 1 0.0665319 0.00831699 0.00832915 0.00832891 0.00833106 0.00824404 0.00831079 0.00834608 0.00832486
Level 2 0.0347848 0.00435686 0.00434494 0.00436401 0.00437188 0.00431204 0.00432301 0.00435495 0.0043571
Level 3 0.0154819 0.00196195 0.00194287 0.00194192 0.00194216 0.00187707 0.00188684 0.00196505 0.00196409
Level 4 0.00805044 0.00105715 0.00104117 0.00104117 0.00104094 0.000869989 0.00089097 0.00105405 0.001055

Step 19 0.137022 0.0171251 0.0173352 0.0173297 0.0171781 0.017014 0.016871 0.0170488 0.0171201
Level 0 0.000766993 8.10623e-05 0.000108004 0.000104904 0.000101089 0.000108004 9.89437e-05 8.2016e-05 8.29697e-05
Level 1 0.0649061 0.00813293 0.00813508 0.00813389 0.00811601 0.00802517 0.00809503 0.00813293 0.00813508
Level 2 0.0388231 0.00487113 0.00487685 0.00487709 0.00485086 0.004812 0.00481915 0.00485396 0.00486207
Level 3 0.0217407 0.00272202 0.00276709 0.0027678 0.00272107 0.00264287 0.00265503 0.00273585 0.00272894
Level 4 0.0107851 0.00131798 0.00144815 0.00144601 0.00138903 0.00142598 0.00120282 0.00124407 0.00131106

Step 20 0.127058 0.0159261 0.0159302 0.0159259 0.015913 0.015897 0.0156372 0.015902 0.0159268
Level 0 0.000777483 0.000111103 0.000111103 0.00010705 8.51154e-05 9.10759e-05 8.29697e-05 8.2016e-05 0.00010705
Level 1 0.0671427 0.00838184 0.00841093 0.00841188 0.00840998 0.00832105 0.00840402 0.00841212 0.0083909
Level 2 0.0346582 0.00435519 0.00431609 0.00432301 0.00434494 0.00431204 0.00430012 0.00435281 0.004354
Level 3 0.0164096 0.00206995 0.00209093 0.00208497 0.00205493 0.00197697 0.00198793 0.00207305 0.0020709
Level 4 0.00807023 0.00100803 0.00100112 0.000998974 0.00101805 0.00119591 0.000862122 0.000982046 0.00100398

Step 21 0.142046 0.0179172 0.0179272 0.0179212 0.0176842 0.0176079 0.0174031 0.0176752 0.01791
Level 0 0.000763655 8.01086e-05 0.000105143 0.000101089 0.000102997 0.000108004 0.000101089 8.2016e-05 8.32081e-05
Level 1 0.0658324 0.00824809 0.00825095 0.00825095 0.0082252 0.00813794 0.0082221 0.00824714 0.00825
Level 2 0.0404916 0.00510693 0.00507808 0.00507808 0.00503683 0.00500393 0.00504398 0.00504589 0.00509787
Level 3 0.0232708 0.00295687 0.00295687 0.00295711 0.00291014 0.00283003 0.00277996 0.00292397 0.00295591
Level 4 0.0116875 0.00152516 0.00153613 0.00153399 0.00140905 0.00152802 0.00125599 0.00137615 0.00152302

Step 22 0.13174 0.0164318 0.016449 0.0165319 0.0165341 0.0164521 0.016453 0.0164561 0.0164323
Level 0 0.000793457 0.000109911 0.000111103 0.000108004 9.10759e-05 9.5129e-05 8.91685e-05 8.2016e-05 0.00010705
Level 1 0.066009 0.00825405 0.00826907 0.00826907 0.0082581 0.00817585 0.00825691 0.00827098 0.008255
Level 2 0.0365672 0.00456691 0.00453997 0.00458503 0.00461578 0.00453615 0.00457406 0.00457716 0.00457215
Level 3 0.0187678 0.00236201 0.00234604 0.00235701 0.00235701 0.00226998 0.0023489 0.00236392 0.00236297
Level 4 0.00960279 0.00113893 0.00118279 0.00121284 0.00121212 0.00137496 0.00118399 0.00116205 0.00113511

Step 23 0.149179 0.0187578 0.0187762 0.0187712 0.018548 0.0184798 0.0185461 0.018549 0.0187509
Level 0 0.00080061 7.98702e-05 8.29697e-05 0.00011611 0.000121832 0.000121832 0.00011301 8.2016e-05 8.29697e-05
Level 1 0.0691926 0.00867605 0.00866818 0.00865197 0.00864816 0.00855613 0.0086391 0.0086751 0.00867796
Level 2 0.0431409 0.00543404 0.00544 0.00541902 0.00534892 0.00532794 0.00537205 0.00537395 0.00542498
Level 3 0.0240207 0.00303483 0.00303483 0.00303507 0.00298595 0.00290704 0.00298285 0.00300503 0.00303507
Level 4 0.0120242 0.00153303 0.0015502 0.00154901 0.00144315 0.00156689 0.00143909 0.00141287 0.00152993

Step 24 0.142806 0.017957 0.017972 0.0179579 0.0177398 0.0177391 0.0177469 0.0177481 0.0179448
Level 0 0.000770569 0.000104904 0.000108957 9.98974e-05 9.08375e-05 9.29832e-05 8.98838e-05 8.10623e-05 0.000102043
Level 1 0.0657451 0.00821996 0.00824094 0.00824618 0.00821996 0.00813913 0.00822115 0.00823593 0.00822186
Level 2 0.0413699 0.00521016 0.00518513 0.00518489 0.00515199 0.00511599 0.0051558 0.00515795 0.00520802
Level 3 0.0231142 0.00292087 0.00292087 0.0029211 0.0028739 0.00279307 0.00287414 0.00288916 0.0029211
Level 4 0.0118058 0.00150108 0.0015161 0.00150585 0.00140309 0.00159788 0.00140595 0.00138402 0.00149179

Step 25 0.129351 0.016216 0.0162129 0.0162101 0.016211 0.0162141 0.0158539 0.016212 0.016221
Level 0 0.000797033 0.000111103 0.000112057 0.000108004 9.20296e-05 9.48906e-05 8.89301e-05 8.2016e-05 0.000108004
Level 1 0.0677063 0.00846577 0.00848079 0.00848103 0.00846887 0.00838804 0.00847101 0.00848293 0.00846791
Level 2 0.0360453 0.00451112 0.00448203 0.00450087 0.00453305 0.00447512 0.00451303 0.00451803 0.00451207
Level 3 0.016752 0.00211501 0.00209308 0.00208998 0.00208998 0.00202107 0.00209904 0.00212288 0.00212097
Level 4 0.00805044 0.00101304 0.00104499 0.00103021 0.00102711 0.00123501 0.000681877 0.00100613 0.00101209

Step 26 0.143542 0.0180879 0.0181439 0.0179248 0.0179219 0.0178869 0.0175848 0.0179107 0.0180809
Level 0 0.000802517 7.89165e-05 8.39233e-05 0.000116825 0.000123024 0.000123024 0.000113964 8.08239e-05 8.2016e-05
Level 1 0.0680025 0.00852799 0.00854087 0.00850606 0.00847983 0.00840497 0.00848794 0.00852585 0.00852895
Level 2 0.0426137 0.00537014 0.00535321 0.00535107 0.00530219 0.00526404 0.00530291 0.0053091 0.00536108
Level 3 0.0212734 0.00272799 0.00271893 0.00263 0.0026958 0.00260186 0.00248885 0.00268102 0.00272894
Level 4 0.0108497 0.00138283 0.00144696 0.00132084 0.00132108 0.00149298 0.00119114 0.00131392 0.00137997

Step 27 0.152305 0.0190699 0.0190229 0.0190251 0.0189838 0.019105 0.0189209 0.019069 0.0191081
Level 0 0.000778675 9.70364e-05 0.000120878 0.000119925 9.20296e-05 8.70228e-05 8.29697e-05 8.39233e-05 9.48906e-05
Level 1 0.0896423 0.01121 0.0112021 0.0112011 0.0112269 0.0111401 0.01122 0.011225 0.0112171
Level 2 0.035414 0.00444293 0.004421 0.00442195 0.00441694 0.00439501 0.00443506 0.00444007 0.00444102
Level 3 0.0173783 0.00223112 0.00218916 0.00218892 0.00217509 0.00212097 0.00200605 0.00223398 0.00223303
Level 4 0.00909138 0.00108886 0.00108981 0.00109315 0.00107288 0.00136185 0.00117683 0.001086 0.001122

Step 28 0.148839 0.0186651 0.018657 0.0186591 0.0186541 0.018667 0.0182967 0.0185161 0.018724
Level 0 0.000781059 8.2016e-05 9.29832e-05 0.000102997 0.000112057 0.000115871 0.000108004 8.32081e-05 8.39233e-05
Level 1 0.0737278 0.00926805 0.00925589 0.0092442 0.00919199 0.00910997 0.00918388 0.00921082 0.00926304
Level 2 0.0431664 0.00541401 0.00541401 0.00541401 0.00539303 0.00535417 0.00538206 0.00538111 0.00541401
Level 3 0.0223198 0.00281405 0.00278401 0.00278878 0.00285006 0.00277305 0.00267887 0.0028131 0.00281787
Level 4 0.0088439 0.00108695 0.00111008 0.00110912 0.00110698 0.00131392 0.000943899 0.00102782 0.00114512

Step 29 0.142879 0.0180311 0.0180171 0.018014 0.0178149 0.0178039 0.017437 0.0177338 0.0180268
Level 0 0.000791073 8.08239e-05 9.799e-05 0.000106812 0.000112772 0.000116825 0.000108957 8.29697e-05 8.39233e-05
Level 1 0.0665278 0.00834322 0.008322 0.00831914 0.00831318 0.00823021 0.00831199 0.00834298 0.00834513
Level 2 0.0399113 0.00504184 0.00504589 0.00503683 0.00497103 0.00493693 0.00486183 0.00498295 0.00503397
Level 3 0.0235202 0.00298405 0.00298405 0.002985 0.00293088 0.00285006 0.0028491 0.0029521 0.002985
Level 4 0.0121281 0.00158119 0.00156713 0.00156617 0.00148702 0.00166988 0.0013051 0.00137281 0.00157881

Step 30 0.131832 0.0166211 0.0165367 0.016541 0.0165331 0.0161779 0.016176 0.0166211 0.0166252
Level 0 0.000999689 0.000110149 0.000111103 0.000113964 0.000154018 0.000162125 0.000152111 9.01222e-05 0.000106096
Level 1 0.0693972 0.00870085 0.00869584 0.00869608 0.00865197 0.00856781 0.00865388 0.00872183 0.00870895
Level 2 0.0365436 0.00459003 0.00460005 0.00459504 0.00457621 0.00454092 0.00446415 0.00458813 0.00458908
Level 3 0.0158336 0.00201511 0.00197291 0.00197983 0.00199795 0.00191593 0.00191689 0.00201797 0.00201702
Level 4 0.009058 0.00120497 0.00115681 0.00115609 0.00115299 0.000991106 0.00098896 0.00120306 0.00120401

Step 31 0.13589 0.0170162 0.0170569 0.0170619 0.0170572 0.0166991 0.0166962 0.0171511 0.0171511
Level 0 0.000784397 8.10623e-05 0.000103951 0.000101089 0.000110149 0.00011611 0.000108004 8.2016e-05 8.2016e-05
Level 1 0.069979 0.00877404 0.00875092 0.00875497 0.00874782 0.00865793 0.00874209 0.00877404 0.00877714
Level 2 0.0384421 0.00482798 0.00483298 0.00483108 0.00481319 0.00478101 0.00470495 0.00482512 0.00482583
Level 3 0.0176182 0.00220108 0.00220513 0.00221181 0.00222588 0.0021472 0.00214601 0.00224185 0.00223923
Level 4 0.0090661 0.00113201 0.00116396 0.00116301 0.00116014 0.000996828 0.000995159 0.00122809 0.0012269

Step 32 0.145894 0.018312 0.018276 0.0182779 0.0182729 0.0182631 0.0179129 0.018266 0.0183129
Level 0 0.000781775 7.89165e-05 9.799e-05 0.000116825 0.000123978 0.00011301 8.70228e-05 8.2016e-05 8.2016e-05
Level 1 0.0726893 0.00913715 0.00911903 0.0091002 0.00904489 0.00898004 0.00908399 0.009094 0.00913
Level 2 0.0439746 0.00552487 0.00552487 0.00552201 0.00550914 0.00546694 0.00538993 0.005512 0.00552487
Level 3 0.0200682 0.00251102 0.00249696 0.00249791 0.00254297 0.00246716 0.00246716 0.00256586 0.00251913
Level 4 0.0083797 0.00106001 0.00103712 0.00104094 0.0010519 0.00123596 0.000884771 0.00101209 0.00105691

Step 33 0.1426 0.017947 0.0178711 0.017875 0.0178692 0.0178809 0.0175061 0.017704 0.017947
Level 0 0.000796556 8.01086e-05 0.000111103 0.000100136 0.00011301 0.00011301 0.000111103 8.60691e-05 8.2016e-05
Level 1 0.0798907 0.0100138 0.00998402 0.00999999 0.00998306 0.009902 0.00998092 0.0100129 0.0100141
Level 2 0.0350218 0.00441098 0.00439692 0.00439692 0.00439501 0.00435686 0.00428605 0.00436997 0.00440907
Level 3 0.0174901 0.00224614 0.00219798 0.00219893 0.00220108 0.00212097 0.00211906 0.00215816 0.00224781
Level 4 0.00940108 0.00119591 0.00118113 0.00117898 0.00117707 0.00138807 0.00100899 0.00107694 0.001194

Step 34 0.140062 0.017664 0.0174742 0.0174758 0.0174689 0.017602 0.0171108 0.017601 0.0176649
Level 0 0.000811577 8.08239e-05 9.20296e-05 0.000115871 0.000123024 0.000123024 0.00011301 8.08239e-05 8.29697e-05
Level 1 0.0682459 0.0085721 0.00856113 0.00853395 0.00852394 0.00844884 0.00845885 0.00857306 0.00857401
Level 2 0.040601 0.00513697 0.005054 0.005054 0.00505185 0.00501609 0.00501513 0.00513411 0.00513887
Level 3 0.0189941 0.00241995 0.00237298 0.00237918 0.00238109 0.00229692 0.00229692 0.00242496 0.00242209
Level 4 0.011409 0.00145411 0.00139403 0.00139284 0.00138903 0.00171709 0.0012269 0.00138807 0.00144696

Step 35 0.133854 0.0168698 0.016835 0.0168388 0.0168309 0.0164671 0.01647 0.0166719 0.016871
Level 0 0.000872135 0.000113964 9.08375e-05 8.98838e-05 0.00011301 0.000120878 0.000111818 0.000110865 0.000120878
Level 1 0.0772285 0.009691 0.00967312 0.00967908 0.0096519 0.00956917 0.00957608 0.00969505 0.00969315
Level 2 0.0332191 0.00415206 0.00419903 0.00419092 0.00416803 0.00412893 0.00413108 0.00410414 0.00414491
Level 3 0.0144007 0.0018208 0.00180292 0.00181794 0.00183392 0.00175309 0.001755 0.00179601 0.00182104
Level 4 0.00813389 0.00109196 0.00106907 0.00106096 0.00106406 0.000895023 0.000895977 0.000965834 0.001091

Step 36 0.12638 0.0159118 0.0158007 0.015764 0.0157988 0.015769 0.015733 0.015697 0.0159059
Level 0 0.000744343 9.29832e-05 0.000106812 0.000102997 8.70228e-05 8.39233e-05 8.08239e-05 8.98838e-05 9.98974e-05
Level 1 0.0614631 0.00770998 0.0077002 0.00769997 0.00769186 0.007617 0.0076201 0.00771499 0.00770903
Level 2 0.0355449 0.00450397 0.00444484 0.00444984 0.0043571 0.00443697 0.00443411 0.00441909 0.00449896
Level 3 0.0196369 0.00251603 0.00248098 0.00248218 0.00240183 0.00240207 0.00240183 0.00243902 0.00251293
Level 4 0.008991 0.00108886 0.00106788 0.00102901 0.001261 0.00122905 0.00119615 0.00103402 0.00108504

Step 37 0.117429 0.0147932 0.0148339 0.0148358 0.014498 0.0144987 0.0144989 0.014673 0.0147979
Level 0 0.000791311 0.000108957 7.79629e-05 8.4877e-05 0.000108957 0.000114918 0.000106812 8.29697e-05 0.000105858
Level 1 0.0611515 0.00766301 0.00769091 0.00768495 0.00758386 0.0075779 0.007586 0.00769186 0.00767303
Level 2 0.0332966 0.00421 0.00416803 0.00416708 0.00412607 0.00412798 0.00412512 0.00417018 0.00420213
Level 3 0.0154207 0.00194001 0.00194812 0.00195098 0.00188398 0.00188088 0.00188494 0.00198197 0.00194979
Level 4 0.00676942 0.000871181 0.000948906 0.000947952 0.000795126 0.000797033 0.00079608 0.000746012 0.000867128

Step 38 0.132645 0.0167751 0.016618 0.0167232 0.0164111 0.0164161 0.0164111 0.01652 0.0167701
Level 0 0.00080657 8.01086e-05 9.70364e-05 9.5129e-05 0.000118017 0.000132084 0.00011611 8.51154e-05 8.29697e-05
Level 1 0.063802 0.00804186 0.0080111 0.00801086 0.00788713 0.00787401 0.00788903 0.00803995 0.00804806
Level 2 0.040509 0.00512314 0.00506997 0.00505304 0.00504994 0.00504994 0.00504899 0.00499797 0.00511599
Level 3 0.0196202 0.00251007 0.00240898 0.00253916 0.00240803 0.00240898 0.00240898 0.00243092 0.00250506
Level 4 0.00790691 0.00101995 0.00103092 0.00102496 0.000947952 0.000951052 0.000947952 0.000966072 0.00101805

Step 39 0.0988252 0.012424 0.0125089 0.0124052 0.0124249 0.012177 0.012176 0.0122821 0.0124271
Level 0 0.000848055 0.000109911 0.000102043 0.000104904 0.000112057 0.000118017 0.000108957 8.60691e-05 0.000106096
Level 1 0.0533462 0.00669122 0.00669789 0.00669622 0.00660896 0.00660396 0.00661111 0.00672984 0.00670695
Level 2 0.0237248 0.00298691 0.00297809 0.00297284 0.00295401 0.00295401 0.00295401 0.00294805 0.00297689
Level 3 0.0143354 0.00182605 0.00183797 0.00185513 0.00175095 0.00174904 0.00174904 0.00174403 0.00182319
Level 4 0.00657082 0.000809908 0.000892878 0.000776052 0.000998974 0.000751972 0.000752926 0.000774145 0.000813961

Step 40 0.105321 0.0131619 0.0133669 0.0133901 0.01301 0.01301 0.0130107 0.013113 0.013258
Level 0 0.000791788 8.10623e-05 0.000109911 0.000108957 0.000115871 0.000108004 0.000102043 8.2016e-05 8.39233e-05
Level 1 0.056941 0.00715899 0.00715613 0.00715303 0.00705099 0.007056 0.00706387 0.00714803 0.00715399
Level 2 0.025418 0.00319195 0.00320482 0.00320792 0.00315213 0.00315499 0.00315499 0.00315809 0.00319314
Level 3 0.0150299 0.00191092 0.00191617 0.00191903 0.00184798 0.00184798 0.00184798 0.0018599 0.00187993
Level 4 0.00713992 0.000818968 0.0009799 0.00100112 0.000843048 0.000843048 0.000841856 0.000864983 0.000946999

Step 41 0.0937231 0.0116901 0.0118032 0.011796 0.0117989 0.0115869 0.0115871 0.0116811 0.0117798
Level 0 0.00077796 7.89165e-05 0.00011301 0.00011611 0.000108004 0.000102997 9.41753e-05 8.29697e-05 8.17776e-05
Level 1 0.0500789 0.00630093 0.00629401 0.00628686 0.00619793 0.00620389 0.00621295 0.00628209 0.00630021
Level 2 0.0220842 0.00278807 0.00274706 0.00275207 0.00275302 0.00275111 0.00275207 0.00275493 0.00278592
Level 3 0.0137784 0.00173616 0.00181508 0.00181508 0.00167704 0.00167894 0.00167704 0.00169301 0.0016861
Level 4 0.00700355 0.000786066 0.000833988 0.000825882 0.00106287 0.000849962 0.000850916 0.000868082 0.000925779

Step 42 0.0832043 0.010371 0.0106261 0.010627 0.0102661 0.010268 0.0102661 0.010339 0.0104411
Level 0 0.000769615 7.98702e-05 0.000113964 0.000118017 0.000108957 9.58443e-05 8.70228e-05 8.29697e-05 8.29697e-05
Level 1 0.0457962 0.00577211 0.00573111 0.00572896 0.00566697 0.00568199 0.00568986 0.00575709 0.00576806
Level 2 0.021131 0.00265789 0.00265288 0.00265408 0.00263309 0.00263 0.00263214 0.00262904 0.00264192
Level 3 0.00971508 0.00117707 0.00124311 0.00124192 0.00119901 0.0012002 0.00119901 0.00121284 0.00124192
Level 4 0.00579238 0.000684023 0.00088501 0.000884056 0.000658035 0.000659943 0.000658035 0.000657082 0.000706196

Step 43 0.102368 0.0126901 0.0130148 0.0130179 0.0126891 0.0126891 0.0126908 0.012764 0.0128121
Level 0 0.000766754 7.98702e-05 0.000110865 0.000114918 0.00010705 9.89437e-05 9.10759e-05 8.2016e-05 8.2016e-05
Level 1 0.0597918 0.0074842 0.0075109 0.00750899 0.00741792 0.00742698 0.0074358 0.00750303 0.00750399
Level 2 0.0220354 0.00271297 0.00278211 0.00278306 0.00275016 0.00275016 0.00274992 0.00275302 0.00275397
Level 3 0.0135419 0.00166988 0.00173807 0.00173903 0.00167084 0.00166988 0.00167108 0.00167704 0.00170612
Level 4 0.00623202 0.000743151 0.00087285 0.000871897 0.000743151 0.000743151 0.000742912 0.000748873 0.000766039

Step 44 0.081239 0.0100682 0.0103252 0.0103211 0.010066 0.010066 0.0100672 0.010139 0.0101862
Level 0 0.000769615 8.01086e-05 0.000112057 0.00011611 0.000108004 9.799e-05 8.91685e-05 8.2016e-05 8.41618e-05
Level 1 0.0492618 0.00619388 0.00616598 0.00616288 0.00610805 0.00611901 0.00612783 0.00619316 0.00619102
Level 2 0.0181775 0.00221515 0.00229216 0.00229216 0.00227213 0.00227308 0.00227118 0.00227785 0.00228381
Level 3 0.00857902 0.00106001 0.00110197 0.00109887 0.00106096 0.00105906 0.00106096 0.00106406 0.00107312
Level 4 0.00445104 0.000519037 0.000653028 0.000651121 0.000516891 0.000516891 0.000518084 0.000521898 0.000554085

Step 45 0.075036 0.00930476 0.00950408 0.00950193 0.00930595 0.00930667 0.00930667 0.00937986 0.00942612
Level 0 0.000772953 0.000111103 0.000118971 0.000108004 8.2016e-05 8.10623e-05 7.98702e-05 8.39233e-05 0.000108004
Level 1 0.041621 0.00521684 0.00521111 0.00522089 0.0051651 0.00516796 0.00516796 0.00524616 0.00522494
Level 2 0.019501 0.00239801 0.00244689 0.00244713 0.00244188 0.00244403 0.00244284 0.002424 0.00245619
Level 3 0.00900555 0.00108695 0.00115895 0.00115895 0.001122 0.00112081 0.00112104 0.00112796 0.00110888
Level 4 0.00413561 0.000491858 0.000568151 0.000566959 0.000494957 0.000492811 0.000494957 0.000497818 0.000528097

Step 46 0.0663323 0.00823092 0.00837898 0.00838089 0.00823092 0.00822878 0.00822973 0.00830221 0.0083499
Level 0 0.000733137 8.2016e-05 0.000102997 0.000100136 9.89437e-05 9.799e-05 8.89301e-05 8.01086e-05 8.2016e-05
Level 1 0.0362377 0.00453997 0.00454903 0.00455189 0.00447798 0.00448203 0.00448895 0.00457501 0.00457287
Level 2 0.0167356 0.00207186 0.00208998 0.00208998 0.00208092 0.00207782 0.00207996 0.00212193 0.00212312
Level 3 0.00882721 0.00105119 0.00109792 0.00110102 0.001086 0.001086 0.001086 0.00116014 0.00115895
Level 4 0.00379872 0.000485897 0.000539064 0.000537872 0.000487089 0.000484943 0.000485897 0.000365019 0.000412941

Step 47 0.0815814 0.0102758 0.0102782 0.010278 0.0102751 0.0100508 0.0100501 0.0101852 0.0101881
Level 0 0.000797033 0.000107765 0.000108957 0.000105143 9.5129e-05 9.98974e-05 9.29832e-05 8.2016e-05 0.000105143
Level 1 0.0441921 0.00546908 0.00557518 0.00557494 0.00548291 0.00547695 0.00548601 0.00557399 0.00555301
Level 2 0.0207965 0.00258112 0.00261688 0.00261903 0.00258017 0.00258112 0.00258112 0.00261807 0.00261903
Level 3 0.010258 0.00125003 0.00131607 0.00131798 0.00125003 0.00125003 0.00125003 0.00131202 0.00131178
Level 4 0.00553775 0.000867844 0.000661135 0.000660896 0.00086689 0.000642776 0.000639915 0.000599146 0.000599146

Step 48 0.0846913 0.0106258 0.0106421 0.010633 0.0106101 0.010633 0.0103872 0.0105801 0.0105801
Level 0 0.000806808 7.89165e-05 8.4877e-05 0.000118017 0.000123978 0.000124931 0.000113964 8.01086e-05 8.2016e-05
Level 1 0.0451477 0.00562692 0.00569797 0.00566387 0.005584 0.00558305 0.00559211 0.00569987 0.00569987
Level 2 0.0213315 0.00265098 0.00268412 0.00268412 0.00265002 0.00265312 0.00265098 0.00267911 0.00267911
Level 3 0.0108979 0.00131607 0.00142694 0.00142789 0.00131607 0.00131583 0.00131607 0.00138998 0.00138903
Level 4 0.0065074 0.000952959 0.000748158 0.000739098 0.000936031 0.000956059 0.000714064 0.000730991 0.000730038

Step 49 0.105373 0.0132 0.0131991 0.01314 0.0132117 0.013047 0.0130479 0.0132639 0.0132637
Level 0 0.000756741 0.00010705 0.00010705 0.000103951 8.39233e-05 8.89301e-05 7.98702e-05 8.2016e-05 0.000103951
Level 1 0.063396 0.00787091 0.007967 0.0079689 0.00789094 0.00788713 0.00789618 0.00796795 0.00794697
Level 2 0.0244617 0.00304508 0.00306201 0.00306296 0.0030458 0.00304794 0.0030458 0.00307608 0.00307608
Level 3 0.0115578 0.00140882 0.00148702 0.00148797 0.00140715 0.0014081 0.00140905 0.00147486 0.00147486
Level 4 0.0052011 0.000768185 0.000576019 0.000516176 0.00078392 0.000614882 0.000617027 0.000663042 0.00066185

Step 50 0.0971994 0.0121379 0.0121741 0.0121741 0.0121741 0.0121801 0.0120881 0.012177 0.012094
Level 0 0.000775099 8.39233e-05 0.000102043 9.799e-05 0.000106096 0.00011301 0.000103951 8.10623e-05 8.70228e-05
Level 1 0.0501022 0.00622916 0.0063169 0.00631809 0.00621104 0.00620699 0.006212 0.00630593 0.00630212
Level 2 0.0257707 0.00320482 0.00323915 0.00323987 0.00320482 0.00320506 0.00320601 0.00323606 0.00323486
Level 3 0.0144918 0.00175595 0.00191283 0.00191498 0.0017581 0.001755 0.00175905 0.00181794 0.00181794
Level 4 0.00605965 0.000864029 0.000603199 0.000603199 0.00089407 0.00090003 0.000807047 0.000735998 0.000652075

Step 51 0.112506 0.0141919 0.0142438 0.0142419 0.0141907 0.0138569 0.0138528 0.0138509 0.0140769
Level 0 0.000757456 7.98702e-05 0.000110865 0.000113964 0.00010705 9.58443e-05 8.70228e-05 7.98702e-05 8.29697e-05
Level 1 0.0602851 0.00750399 0.00759006 0.00757909 0.00747681 0.00748801 0.00749803 0.00757504 0.00757408
Level 2 0.0264118 0.00328207 0.00332904 0.00333691 0.00328088 0.00328207 0.00328279 0.00330901 0.00330901
Level 3 0.016428 0.00202799 0.00215602 0.00215602 0.00202799 0.00202799 0.00202703 0.00192904 0.00207591
Level 4 0.0086236 0.00129795 0.00105786 0.00105596 0.00129795 0.000962973 0.000957966 0.000957966 0.00103498

Step 52 0.0975094 0.0121961 0.0122142 0.0122199 0.0122089 0.012219 0.0122211 0.0120101 0.0122201
Level 0 0.000742674 8.01086e-05 0.00011301 0.000117064 0.000108957 7.9155e-05 7.9155e-05 8.10623e-05 8.41618e-05
Level 1 0.0534325 0.00665593 0.00669813 0.00669289 0.00662804 0.00665784 0.00665593 0.00672293 0.00672078
Level 2 0.025461 0.00315714 0.003227 0.00322485 0.00315905 0.00315905 0.00316191 0.00318599 0.00318599
Level 3 0.011729 0.00145292 0.00153184 0.00153303 0.00145292 0.00145292 0.00145316 0.00135708 0.00149512
Level 4 0.00614429 0.000849962 0.000644207 0.000652075 0.000859976 0.000869989 0.000870943 0.000663042 0.000734091

Step 53 0.0973136 0.0123489 0.0123677 0.0120709 0.0120721 0.012069 0.0120699 0.012068 0.0122471
Level 0 0.000819445 7.98702e-05 0.000100851 0.000116825 0.000123024 0.000123024 0.00011301 7.98702e-05 8.29697e-05
Level 1 0.0503531 0.00627613 0.00635195 0.00633216 0.00623298 0.00623393 0.00624084 0.00634313 0.00634193
Level 2 0.0237501 0.00297403 0.00298595 0.0028789 0.00297308 0.00297403 0.00297403 0.00299501 0.00299501
Level 3 0.0157006 0.00194788 0.00211 0.00195193 0.00195098 0.00194883 0.00195193 0.00185895 0.00198007
Level 4 0.0066905 0.00107098 0.000818968 0.000791073 0.000792027 0.000789165 0.000790119 0.000791073 0.000847101

Step 54 0.0983548 0.012383 0.0123911 0.012404 0.0122027 0.0122049 0.0122061 0.0122011 0.012362
Level 0 0.000807762 8.4877e-05 0.000111103 0.000120878 0.000125885 0.000114918 8.39233e-05 8.10623e-05 8.51154e-05
Level 1 0.0585999 0.00731206 0.00738287 0.0072782 0.00726986 0.00728202 0.00731611 0.00738096 0.00737786
Level 2 0.0231454 0.00289416 0.00293612 0.00289202 0.00289512 0.00289512 0.00289392 0.00282693 0.00291204
Level 3 0.0105307 0.00130391 0.00137186 0.00130391 0.00130391 0.00130486 0.0013051 0.00130415 0.001333
Level 4 0.00527096 0.000787973 0.000589132 0.000808954 0.000607967 0.000607967 0.000607014 0.000607967 0.000653982

Step 55 0.0817733 0.0102711 0.0102901 0.0102789 0.010288 0.0101299 0.0101302 0.010128 0.010257
Level 0 0.000874758 8.29697e-05 0.000105143 0.000118971 0.00012517 0.000126123 0.000120163 0.000111103 8.51154e-05
Level 1 0.0446146 0.00557494 0.00564194 0.00553894 0.00553393 0.00553393 0.00553799 0.00561285 0.00564003
Level 2 0.0213411 0.0026741 0.00268197 0.00267315 0.002671 0.00267291 0.00267482 0.00260711 0.00268602
Level 3 0.00989175 0.00122595 0.00129104 0.0012269 0.0012269 0.00122595 0.00122619 0.00122595 0.00124288
Level 4 0.00505114 0.00071311 0.000570059 0.000720978 0.000730991 0.000571012 0.000571012 0.000571012 0.000602961

Step 56 0.0923686 0.0116048 0.011611 0.0116019 0.011627 0.0114551 0.0114551 0.0114548 0.011559
Level 0 0.000811338 8.29697e-05 7.48634e-05 0.000103951 0.000113964 0.000116825 0.000119925 0.000110865 8.79765e-05
Level 1 0.0437908 0.00546384 0.00557113 0.0054419 0.00543284 0.00543118 0.00542593 0.00550103 0.00552297
Level 2 0.0269644 0.0033679 0.00341201 0.00336909 0.00336909 0.00336599 0.00336814 0.0033021 0.0034101
Level 3 0.0153337 0.00190711 0.00200105 0.00190687 0.00190687 0.00190997 0.00190687 0.00190687 0.00188804
Level 4 0.00546837 0.000782967 0.000551939 0.000780106 0.000804186 0.000631094 0.000634193 0.000633955 0.000649929

Step 57 0.0769637 0.00966406 0.00968599 0.00967884 0.00968194 0.00954294 0.00954604 0.00954485 0.009619
Level 0 0.000784397 0.000108957 0.000109911 0.000105858 8.89301e-05 9.48906e-05 8.79765e-05 8.29697e-05 0.000104904
Level 1 0.0431361 0.00535297 0.0054481 0.00535703 0.005373 0.00536609 0.00537586 0.0054419 0.00542116
Level 2 0.0184186 0.00231004 0.00232482 0.00230813 0.00230718 0.00230813 0.00230622 0.00224519 0.00230885
Level 3 0.0103076 0.00127697 0.00135422 0.00127888 0.00127888 0.00127888 0.00127983 0.00127792 0.00128198
Level 4 0.00431705 0.00061512 0.000448942 0.000628948 0.000633955 0.000494957 0.000496149 0.000496864 0.00050211

Step 58 0.070986 0.00883698 0.00905395 0.00883794 0.00883698 0.00883698 0.00883698 0.00883603 0.00891018
Level 0 0.000812292 0.000106096 0.000106096 0.000102997 0.000102997 0.000108004 0.000101089 8.29697e-05 0.000102043
Level 1 0.0385122 0.00478601 0.00485086 0.00479007 0.00478911 0.00478411 0.00478983 0.00487018 0.00485206
Level 2 0.0186734 0.00233889 0.00236297 0.00233889 0.00233889 0.00233889 0.00234008 0.0022769 0.00233793
Level 3 0.00883031 0.00109601 0.00114918 0.00109601 0.00109601 0.00109601 0.00109911 0.00109601 0.00110197
Level 4 0.00415778 0.000509977 0.000584841 0.000509977 0.000509977 0.000509977 0.000506878 0.000509977 0.000516176

Step 59 0.0489028 0.00609183 0.00619912 0.00609088 0.00609207 0.00608587 0.00609207 0.00608897 0.00616193
Level 0 0.000854731 0.000105858 0.000100136 0.000104904 0.000111103 0.000109911 0.00011611 0.000104904 0.000101805
Level 1 0.0266013 0.00331306 0.00337291 0.00331402 0.00330901 0.00330305 0.003304 0.00331306 0.00337219
Level 2 0.0127118 0.00158811 0.00159001 0.00158906 0.00158787 0.00158811 0.00158691 0.00158787 0.00159383
Level 3 0.00607419 0.000756025 0.000776052 0.000754833 0.000756025 0.000756025 0.000756979 0.000755072 0.000763178
Level 4 0.00266075 0.000328779 0.000360012 0.000328064 0.000328064 0.000328779 0.000328064 0.000328064 0.000330925

Step 60 0.0514667 0.00641418 0.00649095 0.00641418 0.00641513 0.00641513 0.00641704 0.00641394 0.00648618
Level 0 0.000759363 0.000100136 9.60827e-05 9.20296e-05 9.10759e-05 0.000112057 8.98838e-05 8.10623e-05 9.70364e-05
Level 1 0.0326202 0.00405502 0.00412798 0.00406408 0.00406599 0.00404406 0.00407004 0.00407505 0.00411797
Level 2 0.0133777 0.00167203 0.00167084 0.00167179 0.00167203 0.00167298 0.00167108 0.00167179 0.00167513
Level 3 0.000732899 9.20296e-05 9.01222e-05 9.10759e-05 9.20296e-05 9.08375e-05 9.10759e-05 9.08375e-05 9.48906e-05
Level 4 0.00397658 0.000494957 0.000505924 0.000495195 0.000494003 0.000495195 0.000494957 0.000495195 0.000501156

